A	53.3	44.3	17.2	17.1	29.5	38.6
AF	61.7	52.5	14.4	12.9	23.9	34.6
AF 	81.1	75.5	8.7	8.9	10.2	15.6
AF 	61.7	44.5	14.3	10.8	24	44.7
AF 	21.3	13.1	25.7	24.4	52.9	62.3
AG	40.9	36.8	27.2	29.7	32.1	33.4
AG 	89.3	72.5	7.2	9.5	3.5	17.9
AG 	9.6	15.8	75.2	64.7	15.3	19.6
AG 	35.2	32	17.9	24.8	47.2	43.2
AH	31.3	27.1	24.8	25.1	43.8	47.8
AH 	72.8	71.9	14.6	10.6	12.6	17.4
AH 	52.4	45.4	27.9	33	19.6	21.5
AH 	9.2	7.4	26.1	22.2	64.8	70.4
AO	53.6	43.4	15.8	16	30.6	40.6
AO 	82.3	68.1	8.6	11.4	9.2	20.5
AO 	51	41.3	21.6	17.2	27.4	41.5
AO 	33	28.9	14.2	15.5	52.9	55.6
AP	57	46.2	15.6	17.1	27.1	36.8
AP 	80	65.1	12	14.6	7.8	20.3
AP 	58.7	45.4	16.3	17.4	25	37.1
AP 	10.4	8.8	22.7	22	66.7	69.6
B	60.4	60	17	16.6	22.5	23.4
BC	40.1	41.8	21.5	22.7	38.4	35.5
BC 	-1	-1	-1	-1	-1	-1
BC 	56.7	56.8	23.6	20.6	19.8	22.5
BC 	15.3	19.3	18.5	25.7	66.3	55
BD	32.7	29.8	30.3	37.6	37.1	32.3
BD 	-1	-1	-1	-1	-1	-1
BD 	39.9	38.2	34.1	38.4	26	22.7
BD 	27.8	24.2	27.8	37	44.4	38.8
BE	36.4	41.7	37.2	32.1	26.4	26.3
BE 	84.5	78.3	6.1	7.6	10.4	15.4
BE 	36.4	40.4	41.1	35.2	22.5	24.4
BE 	18.8	22.7	35.7	35.5	45.4	41.6
BF	34.2	31.5	15.5	18.7	50.2	50
BF 	82.2	89.5	10	8.3	8	3.2
BF 	-1	-1	-1	-1	-1	-1
BF 	22.3	17	16.9	21.3	60.7	61.7
BG	34.2	35.3	20.4	16.1	45.4	48.4
BG 	78.9	76.4	8.2	7.2	12.4	15.6
BG 	71.3	75.5	3.7	2.3	25	22.2
BG 	6.9	8.3	30	23.7	63.1	68.1
BH	55.2	60.4	21	16.5	23.8	23.2
BH 	82.5	81.1	6.1	2.9	11.6	16.1
BH 	54.2	53.4	25.7	21.1	20.1	25.6
BH 	-1	-1	-1	-1	-1	-1
BK	81.6	81.6	6.8	6.7	11.7	11.8
BK 	88.2	86.2	4.2	4.4	7.7	9.4
BK 	59.5	66.1	15.1	13.6	25.5	20.3
BK 	10.3	13.8	40	41.9	49.7	43.4
BV	23.3	20	26	26.1	50.7	53.9
BV 	-1	-1	-1	-1	-1	-1
BV 	-1	-1	-1	-1	-1	-1
BV 	23.3	20	26	26.1	50.7	53.9
BX	42.4	43.2	31.2	29.9	26.4	27
BX 	75	71	20.6	24	4.5	5
BX 	-1	-1	-1	-1	-1	-1
BX 	26.2	29.3	36.5	32.8	37.4	38
C	42.9	38.8	27.6	27.1	29.5	34.2
CG	-1	-1	-1	-1	-1	-1
CG 	-1	-1	-1	-1	-1	-1
CG 	-1	-1	-1	-1	-1	-1
CG 	-1	-1	-1	-1	-1	-1
CH	32.2	30.8	44.1	45.7	23.7	24
CH 	-1	-1	-1	-1	-1	-1
CH 	27.3	24.9	55.1	57.2	17.6	18
CH 	42	42.5	22	22.8	36	36.1
CK	41.6	39.3	26.6	25.4	31.8	35.3
CK 	80.5	41.5	8.6	14.7	11	43.9
CK 	41.4	47.9	31.7	28.4	26.8	23.8
CK 	16.1	17.9	26.8	25.7	57.1	56.3
CL	46.3	40.2	24.9	24.5	28.8	35.4
CL 	79.7	68.7	4.4	3.5	16	27.8
CL 	41.2	33.3	33.8	32	25	34.8
CL 	39.9	39.7	17.3	19.9	42.9	40.5
D	40.2	35	50.3	47.2	9.6	17.8
DD	3	2.4	87.8	84.3	9.2	13.3
DD 	-1	-1	-1	-1	-1	-1
DD 	3	2.4	87.8	84.3	9.2	13.3
DD 	-1	-1	-1	-1	-1	-1
DE	71.1	65.5	17.8	15	11.1	19.5
DE 	71.1	65.5	17.8	15	11.1	19.5
DE 	-1	-1	-1	-1	-1	-1
DE 	-1	-1	-1	-1	-1	-1
DG	46.4	37.2	45.2	42.2	8.4	20.6
DG 	-1	-1	-1	-1	-1	-1
DG 	46.4	37.2	45.2	42.2	8.4	20.6
DG 	-1	-1	-1	-1	-1	-1
E	48.5	-1	30.8	-1	20.7	-1
E	48.5	-1	30.8	-1	20.7	-1
E  	-1	-1	-1	-1	-1	-1
E  	-1	-1	-1	-1	-1	-1
E  	-1	-1	-1	-1	-1	-1
F	35.7	31.1	16.3	15.8	48	53
FA	23.5	22.1	27.4	25.8	49.1	52
FA 	83	70.3	5.3	9.4	11.7	20
FA 	-1	-1	-1	-1	-1	-1
FA 	13.6	14.1	31.1	28.6	55.3	57.4
FH	12.8	9.1	21.6	23	65.5	67.8
FH 	-1	-1	-1	-1	-1	-1
FH 	-1	-1	-1	-1	-1	-1
FH 	13	9.1	20.9	23	66	67.8
FO	28.7	25.8	18.4	17.3	52.9	56.9
FO 	79.1	65.5	7	5.6	13.9	29
FO 	45.7	44.5	30.1	29	24.2	26.5
FO 	15.7	13.9	16.5	15.5	67.8	70.6
FP	44.7	33.6	20.6	27.4	34.8	38.8
FP 	-1	-1	-1	-1	-1	-1
FP 	42	34.5	42	39.4	16	26.1
FP 	57.7	32.6	5.8	15.4	36.5	51.5
FR	40.4	36.8	14.8	13.3	44.6	49.8
FR 	80.7	76.2	4.1	4.3	14.6	19.4
FR 	69.8	60.3	7.7	7.9	22.5	31.5
FR 	23.9	21	18.9	16.9	57.2	61.9
FX	52.6	47.2	7.8	6.8	39.5	45.9
FX 	79	68.6	5.8	6.3	14.8	24.7
FX 	72.9	62.3	5.9	6.7	21.3	31
FX 	8.6	7.5	8.9	7.4	82.4	85
G	32.9	44.3	23.7	19.7	43.4	37
GD	18.9	33.9	21.8	18	59.3	48.2
GD 	-1	-1	-1	-1	-1	-1
GD 	51.3	53.6	28.1	28.1	20.7	18.3
GD 	11.8	30.5	20.5	14.4	67.7	55.1
GE	42.8	50.3	20.4	18.4	36.8	32.9
GE 	82.1	83.2	6.5	4.5	11.4	12.3
GE 	51	49.9	24.2	22	28.2	31.5
GE 	25.5	38.1	23.1	19.7	51.3	42.3
GH	40.5	32.6	30.3	27.9	29.2	39.5
GH 	-1	-1	-1	-1	-1	-1
GH 	55.8	46.7	31.7	31.4	12.6	22
GH 	25.2	18.6	29	24.5	45.9	57.1
GK	31.8	46.3	18	14.9	50.2	38.7
GK 	-1	-1	-1	-1	-1	-1
GK 	63.6	65.6	7.7	3.2	28.7	31.2
GK 	25.6	41.8	21	17.6	53.4	40.5
GM	26.4	50.2	25.9	16.2	47.7	35.7
GM 	81.5	89.4	8.2	5.8	10.4	4.8
GM 	41.4	57.4	38.4	20	26.6	33.8
GM 	20.5	45.6	25	16.1	54.5	38.4
GP	17.9	22.9	51.9	40.4	30.1	36.8
GP 	-1	-1	-1	-1	-1	-1
GP 	24.1	24.1	57.1	49.9	18.8	25.9
GP 	8.6	21	44.1	26	47	53.1
GX	-1	-1	-1	-1	-1	-1
GX 	-1	-1	-1	-1	-1	-1
GX 	-1	-1	-1	-1	-1	-1
GX 	-1	-1	-1	-1	-1	-1
H	37.3	52	25.7	20.5	37	27.5
HC	40.8	40.8	22.5	25.7	36.8	33.4
HC 	-1	-1	-1	-1	-1	-1
HC 	56.9	56.8	23	21.2	20.2	22
HC 	8.5	8.8	21.5	34.9	70	56.3
HG	34.6	65.2	22.2	13.8	43.3	21
HG 	83	90.8	6.6	3.3	10.3	5.9
HG 	64.1	74.8	11.7	5.5	24.2	19.7
HG 	13	56.2	29.5	19.3	57.6	24.6
HH	37.2	46	31.2	26.7	31.6	27.4
HH 	-1	-1	-1	-1	-1	-1
HH 	45.5	55.7	30.9	24.7	23.6	19.7
HH 	20.7	26.5	31.9	30.8	47.5	42.8
HL	39.1	46.9	26.5	20.7	34.6	32.4
HL 	-1	-1	-1	-1	-1	-1
HL 	43.5	53.4	31.2	27.8	25.5	18.8
HL 	33.2	38.3	20.2	11.2	46.6	50.5
I	58.9	-1	16.2	-1	24.9	-1
I	58.9	-1	16.2	-1	24.9	-1
I  	-1	-1	-1	-1	-1	-1
I  	-1	-1	-1	-1	-1	-1
I  	-1	-1	-1	-1	-1	-1
J	55.8	52.7	22.2	23.5	22	23.8
JC	39.6	41.7	39.9	39.8	20.6	18.5
JC 	68.9	62.9	16.7	20.1	14.4	17
JC 	20.9	36.4	54	44.8	25.2	18.9
JC 	-1	-1	-1	-1	-1	-1
JD	35.9	33.9	39.4	37.2	24.8	28.9
JD 	79.5	85.9	13.5	9.3	7	4.8
JD 	32.5	25.7	44.1	42.9	23.5	31.5
JD 	2.3	6.8	51.3	48.2	46.5	45.1
JE	70.8	67	12.8	14.1	16.5	18.9
JE 	80.1	79.5	8.6	7.6	11.4	12.9
JE 	56.2	55.1	19.1	19.6	24.7	25.4
JE 	21	21.1	36.9	40.1	42.2	38.9
JT	11.7	7.8	36.8	40.3	51.5	52
JT 	-1	-1	-1	-1	-1	-1
JT 	30	9.1	36.7	48.6	33.3	42.3
JT 	5.8	7.4	34	37.5	60.2	55.2
K	39.1	42.6	37	33.9	23.9	23.4
KH	54.5	60.4	27.3	22.9	18.2	16.7
KH 	-1	-1	-1	-1	-1	-1
KH 	54.5	60.4	27.3	22.9	18.2	16.7
KH 	-1	-1	-1	-1	-1	-1
KK	16.5	20.7	48.9	48	34.4	31.3
KK 	-1	-1	-1	-1	-1	-1
KK 	18.5	26.9	54.9	47.7	26.7	25.5
KK 	12.5	11.8	37	39.3	50	48.9
KL	36.7	42.4	40.3	33.8	23.1	23.9
KL 	-1	-1	-1	-1	-1	-1
KL 	35.1	50.1	45.8	31.7	19	18.2
KL 	41.4	39	23.5	22.8	35.2	38.2
L	70.4	64.5	10.3	9.9	19.3	25.7
LA	87.5	81.8	6.2	5.9	6.4	12.3
LA 	90.1	84.5	4.5	4.6	5.3	10.9
LA 	47.8	40.3	30.3	25.1	21.9	34.6
LA 	-1	-1	-1	-1	-1	-1
LC	64.3	59	12.2	11.2	23.5	29.8
LC 	80.2	73.3	7.7	6.9	12.1	19.8
LC 	57.6	51	16.4	15.9	26.1	33.1
LC 	29.2	31.4	13.6	12.3	57.3	56.6
LF	74.6	67.7	9.6	8.9	15.9	23.4
LF 	82.2	75.1	7.3	6.7	10.5	18.3
LF 	64.4	55.8	13.5	12.9	22.1	31.3
LF 	26.9	26.1	19.1	18.2	54.1	55.6
LG	59.9	53.4	13.4	12.6	26.7	34
LG 	81.7	71.9	6	5.8	12.3	22.3
LG 	55.4	48.5	18.3	17.5	26.3	34.1
LG 	42.4	41.3	12.7	10.6	44.9	48.2
LK	75.4	69.5	7.4	8.2	17.2	22.4
LK 	84.3	79.7	5.1	5	10.6	15.4
LK 	64	55.3	10.9	12.5	25.2	32.2
LK 	46.7	39.1	14.8	17.7	38.6	43.3
LO	76	71.9	9.9	8.9	14.1	19.2
LO 	87.1	81.6	4.2	4.2	8.7	14.3
LO 	53.7	49.6	23.3	22.1	23	28.3
LO 	43.5	43.1	13.4	12.3	43.1	44.6
LP	69.9	57.5	10.5	10.9	19.5	31.6
LP 	74.8	65.1	11	11.6	14.2	23.3
LP 	65.1	49.9	10.1	10.2	24.9	39.9
LP 	-1	-1	-1	-1	-1	-1
LV	26.1	26.8	27.3	22.5	46.7	50.9
LV 	-1	-1	-1	-1	-1	-1
LV 	48.4	36.3	28.3	25.1	23.3	38.7
LV 	23.8	17.2	28	19.8	48.4	63
M	37.9	47.9	35	30.4	27.1	21.6
MG	-1	-1	-1	-1	-1	-1
MG 	-1	-1	-1	-1	-1	-1
MG 	-1	-1	-1	-1	-1	-1
MG 	-1	-1	-1	-1	-1	-1
MO	33.3	29.2	46.4	44.2	20.4	26.7
MO 	-1	-1	-1	-1	-1	-1
MO 	33.3	29.2	46.4	44.2	20.4	26.7
MO 	-1	-1	-1	-1	-1	-1
N	57.9	46.6	13.3	12	28.9	41.4
ND	38.9	31.9	17.6	13.8	43.6	54.4
ND 	85.1	78.2	7.3	8.5	7.7	13.3
ND 	-1	-1	-1	-1	-1	-1
ND 	15.8	13	22.7	15.8	61.6	71.3
NE	68.4	57.8	10.5	10	21.2	32.2
NE 	81.8	72.7	5.9	6.2	12.3	21.1
NE 	57.1	46.9	18.1	15.6	24.8	37.3
NE 	22.8	13.1	21.2	15.9	55.9	70.7
NH	6.4	5.4	29.8	21.5	63.9	73.3
NH 	-1	-1	-1	-1	-1	-1
NH 	-1	-1	-1	-1	-1	-1
NH 	6.4	6.3	29.8	24.6	63.9	69.2
O	-1	-1	-1	-1	-1	-1
OD	-1	-1	-1	-1	-1	-1
OD 	-1	-1	-1	-1	-1	-1
OD 	-1	-1	-1	-1	-1	-1
OD 	-1	-1	-1	-1	-1	-1
OE	-1	-1	-1	-1	-1	-1
OE 	-1	-1	-1	-1	-1	-1
OE 	-1	-1	-1	-1	-1	-1
OE 	-1	-1	-1	-1	-1	-1
OX	-1	-1	-1	-1	-1	-1
OX 	-1	-1	-1	-1	-1	-1
OX 	-1	-1	-1	-1	-1	-1
OX 	-1	-1	-1	-1	-1	-1
P	69.5	72	23.9	22.2	6.7	7
PF	64.9	66.9	26.3	23	8.5	10
PF 	94	94.4	3.3	3.6	2	2
PF 	35.7	39.4	49.3	42.4	15	17.9
PF 	-1	-1	-1	-1	-1	-1
PG	87.3	79.9	9.6	15.5	3.2	8.5
PG 	87.3	79.9	12.3	15.5	3.2	8.5
PG 	-1	-1	-1	-1	-1	-1
PG 	-1	-1	-1	-1	-1	-1
PH	80.8	84.8	16.5	13.7	2.8	1.6
PH 	96	93.9	3	4.9	1.1	1.3
PH 	50.4	66.5	43.4	31.4	6.3	2.2
PH 	-1	-1	-1	-1	-1	-1
PH	80.8	84.8	16.5	13.7	2.8	1.6
PH 	96	93.9	3	4.9	1.1	1.3
PH 	50.4	66.5	43.4	31.4	6.3	2.2
PH 	-1	-1	-1	-1	-1	-1
PL	51.3	51.3	40.1	41	8.7	7.7
PL 	-1	-1	-1	-1	-1	-1
PL 	51.3	51.3	40.1	41	8.7	7.7
PL 	-1	-1	-1	-1	-1	-1
PO	67.9	74.4	28.7	21.9	3.6	3.7
PO 	91.4	90.9	8.2	7.2	0.8	2
PO 	49	58	44	36.6	7	5.4
PO 	-1	-1	-1	-1	-1	-1
PP	56.5	62.9	28.3	24.8	15.2	12.4
PP 	98.6	96	1.1	2	0.3	2
PP 	56.7	62.6	32.5	31.3	10.8	6.1
PP 	22	30	38	41	40	29
Q	91.9	91.8	3.2	3	5	5.4
QA	92.6	92.4	3.6	3.7	3.7	5.8
QA 	92.6	92.4	3.6	3.7	5.5	5.8
QA 	-1	-1	-1	-1	-1	-1
QA 	-1	-1	-1	-1	-1	-1
QB	92	92.4	3.1	2.8	4.9	5
QB 	92	92.3	3.2	2.9	4.8	5
QB 	-1	-1	-1	-1	-1	-1
QB 	48.5	92.9	16	3	35.6	4.2
QF	91.7	91.2	3.3	3.1	5.1	5.8
QF 	92	91.6	3	3	5	5.5
QF 	-1	-1	-1	-1	-1	-1
QF 	-1	-1	-1	-1	-1	-1
QL	92.8	91.7	2.7	2.9	4.7	5.5
QL 	92.6	91.7	2.7	2.9	4.8	5.5
QL 	-1	-1	-1	-1	-1	-1
QL 	-1	-1	-1	-1	-1	-1
R	70.6	71.9	14.1	13.7	15.4	14.3
RC	63.5	62.8	19.2	18.4	17.3	18.7
RC 	82.2	82.1	6.9	6.9	10.9	11.1
RC 	38.7	37.1	35.5	33.8	25.8	28.8
RC 	-1	-1	-1	-1	-1	-1
RD	82.1	79.2	6.7	5.7	11.3	15.1
RD 	83	79.2	6.5	5.7	10.5	15.1
RD 	-1	-1	-1	-1	-1	-1
RD 	-1	-1	-1	-1	-1	-1
RE	68.3	71.6	15.1	15.2	16.6	13.2
RE 	82.8	79.9	7.5	8.2	9.7	11.7
RE 	38.7	43.8	36.9	38.2	24.6	17.9
RE 	-1	-1	-1	-1	-1	-1
RX	82.5	87.5	9.9	6.3	7.7	6.3
RX 	82.5	87.5	9.9	6.3	7.7	6.3
RX 	-1	-1	-1	-1	-1	-1
RX 	-1	-1	-1	-1	-1	-1
S	55.4	47.3	20.4	19.8	24.2	32.8
SG	53.9	37.7	25.5	26.2	20.6	36.1
SG 	79.7	58	8.9	10.9	11.5	31.2
SG 	35.4	21.5	44.9	40.3	19.5	38.1
SG 	39.3	29.5	19.7	28.5	41	42
SM	51.7	59.7	31.9	21	16.4	19.2
SM 	-1	-1	-1	-1	-1	-1
SM 	55.4	59.7	25	21	19.6	19.2
SM 	-1	-1	-1	-1	-1	-1
SO	57.6	47.2	13.5	16.8	29	35.9
SO 	86.6	69.4	9.6	13.2	3.7	17.5
SO 	59.5	47.7	16.4	20.5	24.4	31.6
SO 	40.4	35.4	11.2	13	48.5	51.6
T	42.1	43.1	38.1	38.3	19.8	18.7
TH	41	42.6	41.3	41	17.7	16.4
TH 	72.8	74.4	19.3	18.2	8	7.3
TH 	34.3	36.2	49.5	49.9	16.2	13.9
TH 	7.6	8.1	40.8	35	51.7	57
TM	31.2	27.5	39.6	42.8	29.2	30
TM 	-1	-1	-1	-1	-1	-1
TM 	38.5	34	44.5	49	17	17.3
TM 	9.3	7.7	24.9	24.2	66	68.1
TO	38.2	41.6	36.6	35	25.2	23.5
TO 	-1	-1	-1	-1	-1	-1
TO 	43.5	48.1	41.1	39	15.5	12.9
TO 	12	9.1	14	14.7	74	76.1
TV	64.5	67	26.2	26.3	9.3	6.7
TV 	75.5	69	19.5	25.5	5	5.6
TV 	42.5	63	39.7	27.9	18	9.1
TV 	-1	-1	-1	-1	-1	-1
U	50.8	47	16.8	18	32.3	35
U	50.8	47	16.8	18	32.3	35
U  	-1	-1	-1	-1	-1	-1
U  	50.8	47	16.8	18	32.3	35
U  	-1	-1	-1	-1	-1	-1
V	24.6	22.4	14.4	13.4	61	64.2
VC	22.4	20.8	24.5	23.5	53	55.7
VC 	-1	-1	-1	-1	-1	-1
VC 	43.7	39.4	28.6	33	27.3	27.6
VC 	20.2	18.8	23.9	22.5	55.8	58.6
VP	25.1	22.8	12.2	11	62.7	66.1
VP 	-1	-1	-1	-1	-1	-1
VP 	53.2	44.2	15.9	16.5	31.1	39.4
VP 	24.4	22.4	11.5	10.9	64.2	66.7
W	61.4	51.3	21.9	18.1	16.7	30.6
WD	19.8	15.2	55.2	47.5	24.8	37.3
WD 	-1	-1	-1	-1	-1	-1
WD 	28.5	23.5	61.5	55.5	9.8	21
WD 	11.1	6.2	49	45.1	39.9	48.8
WE	76.6	68.9	10.3	7.5	13.1	23.4
WE 	88.9	77.8	4.6	3.7	6.6	18.3
WE 	52.1	47.4	24.4	16.3	23.5	36.3
WE 	40.2	53.4	19.7	15.6	40.2	31
WH	-1	-1	-1	-1	-1	-1
WH 	-1	-1	-1	-1	-1	-1
WH 	-1	-1	-1	-1	-1	-1
WH 	-1	-1	-1	-1	-1	-1
WM	21.1	16.6	56.8	41.6	22.2	41.8
WM 	-1	-1	-1	-1	-1	-1
WM 	21.1	16.6	56.8	41.6	22.2	41.8
WM 	-1	-1	-1	-1	-1	-1
WS	69.1	57.6	16.7	14.1	14.3	28.3
WS 	78.2	65.3	13	11.6	8.9	23.1
WS 	50.3	42.1	25.3	19.3	24.4	38.7
WS 	-1	-1	-1	-1	-1	-1
WX	-1	-1	-1	-1	-1	-1
WX 	-1	-1	-1	-1	-1	-1
WX 	-1	-1	-1	-1	-1	-1
WX 	-1	-1	-1	-1	-1	-1
X	72.8	67.7	10.5	11	16.8	21.4
XH	54.8	52.4	20.6	21.5	24.9	26.3
XH 	75.9	75.8	12.5	12.1	11.7	12.3
XH 	-1	-1	-1	-1	-1	-1
XH 	33.8	28.9	28.8	31	38.2	40.3
XK	48.7	37.4	29.9	36.4	21.6	26.1
XK 	85.8	77.9	3.8	7.8	10.3	14.3
XK 	20.5	18.2	57.9	54.6	21.8	27
XK 	47.5	54.2	12.9	10.5	39.6	35.3
XL	76	70.8	8	8.4	16.1	20.9
XL 	83.3	79.3	6.5	6.2	10.3	14.5
XL 	66.7	62.3	10.8	10.8	22.7	27.1
XL 	38.2	27	12.7	16.2	49.2	56.9
XY	64.6	56.3	21.1	23.5	14.4	20.2
XY 	96.7	86.6	1.3	5.3	2	8.1
XY 	32.4	26	40.9	41.7	26.7	32.3
XY 	-1	-1	-1	-1	-1	-1
Y	49.2	42.4	26	27.9	24.8	29.3
YH	50.4	40.8	29	38.9	20.6	20.3
YH 	-1	-1	-1	-1	-1	-1
YH 	50.4	40.8	29	38.9	20.6	20.3
YH 	-1	-1	-1	-1	-1	-1
YK	63.5	51	17.9	21.1	18.7	27.5
YK 	82.4	76.7	10.4	15	7.6	8.4
YK 	57.7	47.3	25.7	30.3	16.6	21.9
YK 	31.4	3.3	25	24	43	71.3
YL	69.8	53	5.7	8.3	24.4	38.7
YL 	-1	-1	-1	-1	-1	-1
YL 	69.8	53	5.7	8.3	24.4	38.7
YL 	-1	-1	-1	-1	-1	-1
YT	-1	-1	-1	-1	-1	-1
YT 	-1	-1	-1	-1	-1	-1
YT 	-1	-1	-1	-1	-1	-1
YT 	-1	-1	-1	-1	-1	-1
YY	49	48.5	10.7	9.4	40.3	41.8
YY 	96	94.7	3	4.1	1	1.2
YY 	-1	-1	-1	-1	-1	-1
YY 	2	2.3	18.3	14.7	79.5	82.4
Z	39.5	36.7	23.4	24.8	37.2	38.6
ZG	47.8	41.7	8.5	11	43.8	47.4
ZG 	78.1	62.1	8.2	13.9	13.7	23.9
ZG 	65.9	66.5	3.6	5.1	30.5	28.8
ZG 	23.6	19.2	11	12.4	65.5	68.5
ZM	48.4	48.9	34.1	36.9	17.5	15.3
ZM 	-1	-1	-1	-1	-1	-1
ZM 	48.4	48.9	34.1	36.9	17.5	15.3
ZM 	-1	-1	-1	-1	-1	-1
ZO	43.2	37.2	24.6	24.5	32.4	38.2
ZO 	95.6	75.9	0.8	2.5	4.2	21.3
ZO 	37.9	34.7	45.6	46.2	16.6	19.2
ZO 	22.2	20.5	15.7	13.7	62.2	65.7
ZT	19.2	25.2	37.6	39.6	43.1	35.2
ZT 	-1	-1	-1	-1	-1	-1
ZT 	46.9	63.9	30.7	24.6	22.1	11.5
ZT 	5.4	5.8	41.1	47.2	53.6	47.1
