6
11.3
2.7
13.9
13.6
13.6
14.4
13.7
13.8
9.4
14.3
5.9
6.1
14.8
14.9
12.5
14.5
15.9
16
14.9
8.7
7.2
16
16.6
10.1
13.4
16.3
16
14.9
4.4
12.5
16.4
15.8
5.9
15.1
16.4
3.3
2.4
12.8
11.1
16.2
18.6
18
18.5
13.6
16.1
2.6
5
12.5
17.9
7.4
7.1
4.1
20.3
19.6
15.8
10
3.6
14.1
1.5
7.2
7.6
3.1
8.9
3.6
9.8
13.2
7
21.6
16.9
17.5
16.1
9
7
17.5
7.8
12.5
10.3
10.5
21.2
23.5
19.3
24.2
23.3
20.9
14.5
9.3
20.7
16.4
26.3
25.4
21.7
24.1
22.5
12.7
16.6
8.1
3.6
7.8
5.6
18.6
27.5
26.3
26.7
25.2
23.2
22.2
21.7
18.3
23.2
11.9
28.2
28.3
21.1
6.2
26.3
25.4
28.1
24.6
26.3
24.9
27.4