0.0
2.4409470558166504
0.0
0.0
0.0
0.0
0.0
0.0
0.0
0.0
0.5591542720794678
0.21927618980407715
0.0
1.0908788442611694
1.8778111934661865
1.1183085441589355
0.0
0.0
0.0
11.867671966552734
0.0
26.68524169921875
2.158895254135132
0.0
0.0
13.342620849609375
3.5558106899261475
5.152505397796631
0.1593855321407318
0.0
0.3946971297264099
0.21927618980407715
0.9409019351005554
1.4113528728485107
0.0
0.0
1.787713646888733
0.0
16.55405044555664
8.98279094696045
0.0
0.0
0.0
0.0
0.0
2.661520004272461
0.1254797875881195
8.550540924072266
0.5298035740852356
11.25283432006836
4.283870697021484
0.0
0.0
0.0
2.661520004272461
43.053951263427734
44.87897491455078
33.58503341674805
9.836915969848633
0.1411352902650833
0.0
0.14252951741218567
0.7990210056304932
0.5737093091011047
0.6447284817695618
0.6139733195304871
0.0
0.0
31.62892723083496
7.008780002593994
10.708334922790527
4.339334487915039
7.928877353668213
13.710322380065918
21.738563537597656
12.12364387512207
18.966289520263672
16.256366729736328
3.5896835327148438
1.0305980443954468
0.4704509675502777
0.0
0.0
11.791434288024902
0.4704509675502777
0.0
0.0
0.0
0.0
0.0
0.0
0.0
0.0
0.0
0.0
0.0
0.0
0.0
0.0
0.0
0.0
0.0
0.0
0.0
0.0
0.0
0.0
0.0
0.0
0.0
0.0
0.0
0.0
0.0
0.0
0.0
0.0
0.0
0.0
0.0
0.0
0.0
0.0
0.27409523725509644
0.0
0.0
0.0
0.0
0.0
0.0
0.0
0.0
0.0
1.620485782623291
0.0
0.0
0.0
61.184844970703125
0.0
0.16445714235305786
18.989139556884766
0.17738501727581024
0.0
0.0
1.9063009023666382
0.37636077404022217
0.0
2.164074420928955
1.9302431344985962
3.8671603202819824
3.57204008102417
0.0
0.0
0.0
11.049809455871582
0.0
0.0
22.237701416015625
20.139850616455078
22.172773361206055
1.4502226114273071
6.642526149749756
0.9409019351005554
0.36180567741394043
0.0
0.0
0.0
0.17427749931812286
0.0
12.5217924118042
18.812875747680664
11.304329872131348
8.713369369506836
11.813798904418945
13.777111053466797
10.994763374328613
17.478214263916016
28.248258590698242
23.416868209838867
39.31723403930664
40.55283737182617
80.57211303710938
47.96738052368164
35.18779754638672
2.865901470184326
17.920944213867188
69.6364974975586
29.94789695739746
19.342369079589844
5.1154069900512695
2.1125059127807617
1.7169451713562012
4.149136543273926
3.5606534481048584
1.908014178276062
0.29975730180740356
0.0
0.10963809490203857
0.0
0.0
8.609251976013184
0.0
0.0
0.0
0.6115862131118774
0.0
0.0
0.0
0.0
0.0
0.0
0.0
0.21927618980407715
0.0
0.0
0.0
0.0
0.0
0.0
0.0
0.0
0.0
0.0
0.0
0.0
0.0
0.0
0.0
0.0
0.0
0.0
0.0
0.0
0.0
0.0
0.0
7.109060287475586
1.5613512992858887
0.0
0.0
0.0
0.0
0.0
0.0
0.0
0.0
0.0
0.0
0.0
0.0
0.0
0.0
0.0
0.0
0.0
0.0
0.0
0.0
0.0
14.526827812194824
5.2890753746032715
0.923873782157898
23.32204246520996
16.464982986450195
0.594765841960907
2.8230199813842773
3.2183096408843994
4.34647798538208
3.4062812328338623
1.6213279962539673
4.0066070556640625
1.176127314567566
0.702210545539856
0.0
0.0
0.0
0.17599080502986908
0.7056764364242554
0.0
15.60170841217041
37.321754455566406
10.39429759979248
5.266942501068115
6.358217239379883
13.2720947265625
1.2458382844924927
1.7493922710418701
1.23094642162323
0.10963809490203857
2.1258888244628906
0.21084627509117126
2.7753612995147705
7.885103702545166
21.520864486694336
1.6931322813034058
0.0
0.9165226817131042
0.7899566292762756
0.0
0.0
0.0
0.0
15.446270942687988
16.146286010742188
91.75969696044922
16.45940399169922
0.9797716736793518
18.18354034423828
23.091371536254883
15.972190856933594
33.007747650146484
9.858967781066895
4.319717884063721
22.552391052246094
37.42869186401367
18.662519454956055
10.415329933166504
20.54238510131836
4.447540283203125
42.99020004272461
14.640257835388184
40.300235748291016
21.830669403076172
5.366473197937012
21.884109497070312
29.103147506713867
0.0
0.0
0.0
2.3335022926330566
4.853418827056885
7.184346675872803
1.403152346611023
0.0
0.0
22.911149978637695
1.1328635215759277
7.199924468994141
15.672574043273926
10.775330543518066
6.586313247680664
0.7604954838752747
5.4281005859375
1.787713646888733
8.660079002380371
0.6204278469085693
0.8067770004272461
0.0
0.0
0.0
0.0
0.0
0.0
0.0
0.0
0.0
0.0
0.0
0.0
0.0
0.0
1.1502314805984497
20.323482513427734
0.0
0.0
0.0
0.0
0.0
0.0
0.0
0.0
0.0
0.0
0.7056764364242554
0.37636077404022217
0.0
0.0
0.0
12.297029495239258
0.0
0.0
0.0
0.0
12.748302459716797
14.19938850402832
0.0
0.0
0.0
0.0
0.0
0.0
0.0
0.8922222256660461
3.5602595806121826
0.0
0.0
0.21927618980407715
5.033825397491455
0.0
0.0
35.42169952392578
8.10671329498291
1.8712809085845947
1.0350099802017212
0.4291081428527832
2.593540906906128
5.671826362609863
11.248059272766113
52.38347625732422
12.998083114624023
0.0
1.4230082035064697
12.562236785888672
12.890355110168457
2.054851770401001
0.23522548377513885
1.415281057357788
1.498661994934082
0.0
0.0
11.938258171081543
0.0
0.6992967128753662
2.164074420928955
1.673233151435852
0.2142045795917511
0.0
0.0
1.3141766786575317
0.0
1.249874234199524
0.0
0.0
0.0
1.786020040512085
10.493289947509766
37.2353630065918
21.566722869873047
17.582048416137695
7.85741662979126
10.683507919311523
2.511324882507324
1.8539587259292603
0.2531173527240753
0.0
1.2464942932128906
0.7056764364242554
1.4841817617416382
1.3342047929763794
0.0
0.0
0.0
0.0
1.0854171514511108
0.0
0.0
2.0704166889190674
5.323040008544922
1.1551281213760376
18.350765228271484
2.391263961791992
4.72715425491333
19.161828994750977
20.518966674804688
5.851648330688477
2.4749386310577393
64.38687896728516
28.736852645874023
5.896751403808594
5.855899333953857
4.358609199523926
0.14252951741218567
0.0
0.0
0.0
0.0
0.0
0.0
0.0
0.10963809490203857
72.8852310180664
68.8819351196289
1.5317714214324951
0.0
0.0
0.0
3.2035140991210938
4.539539813995361
0.0
0.0
0.0
0.0
0.0
0.0
0.0
0.0
0.0
0.0
0.0
0.0
0.0
0.0
0.0
7.099999904632568
4.099999904632568
0.0
0.0
0.0
0.30000001192092896
25.399999618530273
0.0
0.0
0.0
1.2999999523162842
0.0
0.0
0.0
20.799999237060547
0.5
18.799999237060547
0.0
10.699999809265137
17.0
0.0
0.0
0.0
0.0
0.0
0.0
0.0
0.0
0.0
0.0
9.100000381469727
10.199999809265137
0.0
14.699999809265137
0.0
0.0
0.0
0.0
0.0
0.0
0.0
0.0
0.0
0.0
0.0
0.0
0.0
0.0
2.5
5.099999904632568
41.400001525878906
0.0
30.700000762939453
0.5
5.099999904632568
37.79999923706055
25.100000381469727
74.9000015258789
4.099999904632568
1.2999999523162842
2.299999952316284
0.0
10.399999618530273
8.100000381469727
4.599999904632568
1.2999999523162842
7.599999904632568
0.0
0.0
2.5
5.099999904632568
5.599999904632568
0.0
0.0
7.599999904632568
11.899999618530273
19.799999237060547
116.80000305175781
144.8000030517578
27.899999618530273
31.200000762939453
3.799999952316284
20.299999237060547
16.5
8.100000381469727
2.0
23.399999618530273
29.0
3.799999952316284
1.7999999523162842
0.0
0.0
0.0
0.0
0.0
0.0
0.0
0.0
0.0
0.0
0.0
0.0
0.0
0.0
1.0
0.0
0.0
0.0
0.0
0.0
0.0
0.0
0.0
0.0
0.0
0.0
0.0
0.0
0.0
0.0
0.0
0.0
0.0
0.0
3.799999952316284
0.0
0.0
0.0
0.0
0.0
0.0
2.5
30.5
109.19999694824219
4.099999904632568
0.0
0.0
0.0
2.799999952316284
85.0999984741211
7.599999904632568
12.699999809265137
3.5999999046325684
21.600000381469727
47.20000076293945
1.0
26.700000762939453
6.400000095367432
0.5
4.099999904632568
44.5
22.100000381469727
7.900000095367432
7.599999904632568
33.0
0.0
1.5
0.0
7.400000095367432
3.799999952316284
55.900001525878906
2.299999952316284
0.30000001192092896
0.800000011920929
6.400000095367432
2.5
0.0
0.0
69.0999984741211
13.0
63.20000076293945
15.199999809265137
2.799999952316284
14.0
3.299999952316284
8.100000381469727
10.199999809265137
2.799999952316284
24.100000381469727
12.399999618530273
0.5
4.300000190734863
1.7999999523162842
0.0
1.0
3.799999952316284
5.599999904632568
1.0
0.0
0.0
0.0
1.7999999523162842
0.5
0.0
2.5
0.0
0.0
0.0
19.100000381469727
0.0
12.199999809265137
110.5
21.600000381469727
0.0
0.0
0.0
0.0
0.0
0.0
0.0
0.0
0.0
0.0
0.0
0.0
0.0
0.0
0.0
0.0
0.0
2.299999952316284
36.79999923706055
0.30000001192092896
0.0
0.0
0.0
0.0
71.0999984741211
2.299999952316284
0.0
0.0
25.100000381469727
0.0
0.0
0.0
0.0
0.0
0.0
0.0
0.0
0.0
0.0
0.0
0.0
0.0
0.0
0.0
0.0
0.0
0.0
0.0
2.5
0.0
0.0
0.0
7.599999904632568
0.0
3.0
150.89999389648438
0.0
0.0
0.0
0.0
0.0
0.0
0.0
4.800000190734863
36.79999923706055
0.0
0.0
14.0
48.5
22.899999618530273
20.600000381469727
2.5
0.0
0.0
0.0
0.0
25.899999618530273
2.5
0.0
2.799999952316284
8.600000381469727
0.0
20.299999237060547
0.0
0.0
1.7999999523162842
0.30000001192092896
0.0
0.0
7.900000095367432
0.5
0.0
0.0
0.0
0.0
0.0
31.5
0.0
0.0
6.400000095367432
12.399999618530273
0.0
0.0
24.100000381469727
0.30000001192092896
12.399999618530273
15.5
14.5
0.0
0.0
62.20000076293945
0.5
0.0
0.0
0.0
0.0
0.0
0.0
0.0
0.0
0.0
0.0
0.0
0.0
0.0
0.0
0.0
0.0
0.0
0.0
9.899999618530273
0.0
0.0
0.0
0.0
0.0
0.0
0.0
0.0
0.0
0.0
0.0
0.0
0.0
0.30000001192092896
0.0
0.0
0.0
0.0
0.0
0.0
0.0
0.0
0.0
0.0
0.0
0.0
0.0
0.0
0.0
0.0
0.0
0.0
0.0
0.0
0.0
0.0
0.0
1.000081181526184
1.940603494644165
3.2465567588806152
0.7815272212028503
0.6089924573898315
1.4858847856521606
4.69794225692749
4.797535419464111
4.550233840942383
17.169635772705078
11.699999809265137
1.5
0.0
3.0999999046325684
0.0
0.0
0.0
10.399999618530273
240.8000030517578
62.0
8.899999618530273
12.600000381469727
4.800000190734863
3.799999952316284
1.2999999523162842
5.0
4.300000190734863
1.7999999523162842
0.5
0.0
0.0
0.0
0.0
0.0
0.0
0.0
0.0
1.5
0.0
0.0
0.0
5.099999904632568
0.0
0.0
32.0
0.800000011920929
0.0
12.699999809265137
0.0
0.0
0.0
6.099999904632568
0.0
0.0
0.0
0.0
0.0
61.0
3.0999999046325684
4.599999904632568
16.5
0.0
7.900000095367432
0.0
0.0
0.0
1.2999999523162842
1.2999999523162842
0.0
0.0
2.299999952316284
0.0
22.899999618530273
25.899999618530273
21.600000381469727
8.899999618530273
0.0
0.0
0.0
0.0
17.799999237060547
47.0
67.30000305175781
44.5
15.199999809265137
9.100000381469727
2.799999952316284
3.0999999046325684
7.099999904632568
11.399999618530273
0.0
0.0
0.0
0.0
0.0
0.0
0.0
2.0
3.0999999046325684
0.0
0.0
0.0
0.0
0.0
0.0
0.0
0.0
0.0
0.0
0.0
0.0
0.0
0.0
0.0
0.0
0.0
0.0
0.0
0.0
0.0
0.0
0.0
0.0
0.0
0.0
0.0
0.0
0.0
0.0
0.0
0.0
0.5
70.4000015258789
31.600000381469727
3.0999999046325684
9.899999618530273
1.2999999523162842
40.599998474121094
0.800000011920929
64.80000305175781
21.600000381469727
0.0
0.0
0.0
7.400000095367432
132.60000610351562
30.200000762939453
0.0
0.0
0.0
0.0
0.0
1.5
0.0
0.5
0.0
2.5
0.5
107.69999694824219
17.799999237060547
8.899999618530273
38.099998474121094
10.699999809265137
5.599999904632568
12.899999618530273
1.2999999523162842
0.0
0.5
2.299999952316284
9.899999618530273
3.5999999046325684
3.0999999046325684
0.0
0.0
0.0
0.0
0.0
1.5
5.300000190734863
1.0
0.0
1.2999999523162842
7.400000095367432
0.800000011920929
0.0
0.0
22.899999618530273
26.700000762939453
28.5
149.89999389648438
8.899999618530273
30.899999618530273
27.899999618530273
53.29999923706055
15.5
5.099999904632568
0.0
43.20000076293945
32.79999923706055
0.0
0.0
8.899999618530273
3.799999952316284
5.099999904632568
16.5
0.0
0.0
0.0
115.5999984741211
21.600000381469727
5.099999904632568
0.5
0.0
0.0
6.300000190734863
0.5
0.0
0.0
0.0
0.0
0.0
1.2999999523162842
0.0
0.0
0.0
0.0
0.0
0.0
0.0
0.0
0.0
0.0
0.0
0.0
0.0
0.0
0.0
0.0
0.0
8.100000381469727
0.0
0.0
0.0
0.0
0.0
0.0
1.2999999523162842
31.0
0.0
0.0
0.0
0.5
0.0
5.300000190734863
5.599999904632568
0.0
0.0
62.20000076293945
17.799999237060547
5.300000190734863
14.0
34.29999923706055
3.0999999046325684
2.299999952316284
21.600000381469727
19.100000381469727
8.100000381469727
0.0
0.0
0.0
0.0
0.0
0.0
0.0
0.0
0.0
0.0
0.0
0.0
0.0
30.5
11.199999809265137
2.799999952316284
0.0
3.0999999046325684
0.0
1.2999999523162842
0.0
7.599999904632568
31.700000762939453
1.7999999523162842
0.0
0.0
0.0
14.0
8.399999618530273
3.799999952316284
6.300000190734863
7.599999904632568
6.099999904632568
0.0
1.2999999523162842
14.0
26.899999618530273
10.899999618530273
7.599999904632568
0.800000011920929
0.0
0.0
0.0
0.0
0.0
0.0
0.0
0.0
0.0
0.0
5.099999904632568
0.5
0.0
0.0
0.0
0.0
0.0
0.0
0.0
0.0
0.0
0.0
0.0
0.0
0.0
0.0
0.0
0.0
0.0
0.0
0.0
0.0
0.0
0.0
0.0
0.0
0.0
0.0
0.0
0.0
0.0
0.0
0.0
0.0
0.0
0.0
0.0
0.0
0.0
0.0
0.0
0.0
0.0
0.0
0.0
0.0
0.0
1.0
20.299999237060547
4.099999904632568
0.0
4.099999904632568
0.0
11.199999809265137
55.900001525878906
4.599999904632568
0.0
0.0
0.0
0.0
0.0
0.0
11.699999809265137
0.0
16.0
2.5
4.099999904632568
16.799999237060547
6.599999904632568
3.799999952316284
0.0
0.0
2.0
0.5
0.5
3.0999999046325684
444.79998779296875
2.5
1.2999999523162842
12.699999809265137
83.5999984741211
49.0
9.100000381469727
0.0
0.800000011920929
2.799999952316284
8.399999618530273
0.0
0.800000011920929
5.800000190734863
2.0
86.0
0.0
0.0
2.5
1.0
0.0
17.0
2.0
6.099999904632568
0.0
9.100000381469727
0.0
0.0
0.0
0.0
0.0
0.0
0.0
25.399999618530273
0.0
3.299999952316284
0.0
0.0
15.0
33.29999923706055
15.199999809265137
7.599999904632568
4.099999904632568
1.2999999523162842
1.2999999523162842
7.099999904632568
0.0
23.100000381469727
3.0999999046325684
12.199999809265137
14.199999809265137
9.100000381469727
11.199999809265137
44.5
2.0
62.70000076293945
22.100000381469727
3.299999952316284
5.300000190734863
0.0
0.0
25.399999618530273
0.0
2.299999952316284
0.0
1.7999999523162842
0.0
0.0
0.0
0.0
12.699999809265137
25.399999618530273
0.0
3.799999952316284
0.0
0.0
0.0
0.0
0.0
0.0
0.0
0.0
0.0
0.0
0.0
0.0
0.0
0.0
0.0
0.0
0.0
0.0
0.0
0.0
0.0
0.0
0.0
0.0
8.399999618530273
0.0
0.0
0.0
0.0
0.0
0.0
0.0
2.0
0.0
0.0
5.099999904632568
0.0
0.0
0.0
10.199999809265137
0.0
0.0
0.0
44.5
1.2999999523162842
1.2999999523162842
6.099999904632568
4.099999904632568
25.399999618530273
21.299999237060547
81.0
53.900001525878906
1.0
0.0
0.5
7.099999904632568
0.0
0.0
0.0
0.0
0.0
0.0
0.0
0.0
0.0
0.0
0.0
0.0
0.0
0.0
4.300000190734863
4.300000190734863
4.099999904632568
12.699999809265137
60.20000076293945
62.20000076293945
62.20000076293945
0.0
3.299999952316284
3.5999999046325684
7.400000095367432
5.599999904632568
0.0
5.599999904632568
0.0
0.0
0.0
0.0
0.0
0.0
0.0
0.0
0.0
0.0
0.0
0.0
0.0
0.0
0.0
0.0
8.399999618530273
0.0
0.0
64.19999694824219
2.0
2.0
70.5999984741211
70.5999984741211
0.0
0.0
0.0
17.0
2.299999952316284
39.400001525878906
112.30000305175781
0.30000001192092896
0.0
0.0
0.0
0.0
0.0
0.0
0.0
0.0
0.0
0.0
0.0
0.0
29.0
8.0
0.0
0.0
0.0
0.0
0.0
0.0
0.0
0.0
0.0
0.0
0.0
0.0
0.0
0.0
0.0
0.0
0.0
0.0
0.0
6.0
0.0
1.0
0.0
0.0
0.0
0.0
0.0
3.799999952316284
2.799999952316284
38.29999923706055
22.100000381469727
25.399999618530273
26.700000762939453
0.0
0.0
0.0
0.0
0.0
0.0
0.0
0.0
0.0
0.0
0.0
0.0
0.0
0.0
0.0
0.0
0.0
0.0
18.299999237060547
75.4000015258789
9.399999618530273
52.29999923706055
0.0
13.699999809265137
10.399999618530273
4.300000190734863
0.0
1.2999999523162842
44.20000076293945
93.0
43.0
0.0
17.0
3.5999999046325684
1.7999999523162842
0.0
0.0
0.0
9.399999618530273
0.0
0.0
2.0
1.0
0.0
0.0
0.0
7.599999904632568
6.0
2.0
21.299999237060547
0.0
4.300000190734863
1.0
0.0
1.0
0.0
0.0
27.399999618530273
50.79999923706055
14.199999809265137
39.099998474121094
86.4000015258789
3.0
1.0
0.0
0.0
10.399999618530273
0.0
0.0
0.0
0.0
0.0
0.0
0.0
0.0
0.0
0.0
0.0
0.0
0.0
0.0
0.0
0.0
0.0
0.0
0.0
0.0
0.0
0.0
0.0
0.0
0.0
4.0
0.0
0.0
4.0
0.0
0.0
0.0
0.0
0.0
0.0
55.0
0.0
0.0
0.0
5.0
5.0
0.0
0.0
0.0
0.0
14.0
46.0
12.0
9.0
50.0
4.199999809265137
6.599999904632568
4.699999809265137
0.0
10.699999809265137
22.0
0.0
4.199999809265137
2.9000000953674316
0.0
0.0
0.0
0.0
0.0
0.0
0.0
0.0
0.0
0.0
14.5
2.0
0.0
0.0
4.199999809265137
0.0
0.0
0.0
0.0
0.0
0.0
0.0
0.0
15.0
0.0
10.0
0.0
0.0
0.0
18.200000762939453
6.0
4.199999809265137
8.300000190734863
12.0
6.0
8.600000381469727
6.300000190734863
0.0
13.0
18.200000762939453
0.0
0.0
0.0
0.0
20.0
0.0
0.0
0.0
0.0
0.0
0.0
0.0
0.0
0.0
0.0
0.0
0.0
0.0
0.0
0.0
0.0
0.0
0.0
0.0
0.0
0.0
0.0
25.700000762939453
75.0
0.0
0.0
0.0
0.0
0.0
0.0
0.0
0.0
0.0
0.0
0.0
0.0
0.0
0.0
0.0
0.0
0.0
0.0
0.0
0.0
0.0
0.0
0.0
0.0
0.0
0.0
0.0
0.0
0.0
0.0
0.0
0.0
0.0
0.0
0.0
0.0
0.0
0.0
0.0
0.0
0.0
0.0
54.0
0.0
10.0
12.0
0.0
0.0
0.0
0.0
0.0
0.0
0.0
2.0
12.300000190734863
2.0
0.0
0.0
0.0
14.0
0.0
0.0
15.0
15.0
23.0
36.0
0.0
85.0
43.0
20.0
0.0
0.0
0.0
0.0
0.0
0.0
0.0
0.0
0.0
0.0
0.0
0.0
0.0
0.0
0.0
0.0
0.0
0.0
0.0
8.0
0.0
12.5
6.0
0.0
52.0
0.0
0.0
40.0
0.0
0.0
0.0
0.0
0.0
20.0
25.0
0.0
0.0
0.0
0.0
0.0
0.0
0.0
0.0
0.0
0.0
0.0
0.0
0.0
0.0
0.0
0.0
0.0
0.0
0.0
0.0
0.0
0.0
0.0
0.0
0.0
0.0
0.0
0.0
0.0
0.0
0.0
0.0
0.0
0.0
0.0
0.0
0.0
0.0
0.0
0.0
0.0
0.0
0.0
0.0
40.0
14.0
5.0
14.0
8.0
5.0
4.0
7.0
4.0
0.0
0.0
0.0
0.0
0.0
0.0
0.0
0.0
0.0
0.0
0.0
0.0
0.0
0.0
0.0
4.0
0.0
0.0
16.0
43.0
0.0
0.0
35.0
5.0
4.0
0.0
0.0
5.0
2.0
0.0
2.0
0.0
0.0
5.0
0.0
0.0
0.30000001192092896
0.0
0.0
0.0
4.0
4.0
0.0
4.0
3.0
0.0
0.0
0.0
0.0
0.0
0.0
0.0
0.0
0.0
0.0
0.0
0.0
0.0
0.0
0.0
0.0
0.0
0.0
0.0
0.0
0.0
0.0
0.0
0.0
2.0
25.0
62.0
62.0
0.0
0.0
0.0
0.0
0.0
0.0
0.0
0.0
0.0
0.0
0.0
0.0
0.0
0.0
0.0
0.0
0.0
0.0
0.0
0.0
0.0
0.0
0.0
0.0
0.0
0.0
0.0
0.0
0.0
0.0
0.0
0.0
0.0
0.0
12.0
0.0
0.0
0.20000000298023224
39.0
0.0
34.0
0.0
22.0
0.0
0.0
22.0
7.0
0.0
0.0
0.0
0.0
1.0
0.0
0.0
58.0
6.0
0.0
0.0
8.0
0.0
0.0
0.0
0.0
0.0
0.0
0.0
0.0
0.0
0.0
27.0
35.0
0.0
0.0
0.0
10.0
30.0
0.0
30.0
5.0
100.0
65.0
30.0
0.0
10.0
11.0
18.0
0.0
0.0
22.0
0.0
0.0
6.0
0.0
0.0
12.0
0.0
0.0
12.0
2.0
0.0
0.0
0.0
0.0
0.0
0.0
4.0
6.0
0.0
0.0
0.0
0.0
12.0
0.0
0.0
47.0
0.0
0.0
0.0
0.0
60.0
0.0
29.0
22.0
0.0
0.0
6.0
0.0
0.0
0.0
0.0
0.0
0.0
0.0
0.0
0.0
0.0
0.0
0.0
0.0
0.0
0.0
0.0
0.0
0.0
0.0
0.0
0.0
0.0
0.0
0.0
0.0
0.0
0.0
0.0
0.0
0.0
0.0
0.0
0.0
0.0
0.0
0.0
0.0
0.0
0.0
0.0
0.0
0.0
0.0
0.0
0.0
0.0
0.0
0.0
0.0
10.0
0.0
0.0
0.0
8.0
12.0
28.0
9.0
64.0
175.0
10.0
0.0
0.0
0.0
0.0
0.0
0.0
0.0
0.0
0.0
8.0
0.0
0.0
0.0
0.0
0.0
0.0
0.0
6.0
37.0
150.0
33.0
5.0
0.0
0.0
5.0
8.0
0.0
7.0
3.0
0.0
0.0
0.0
0.0
0.0
0.0
0.800000011920929
0.0
0.0
0.0
0.0
0.0
0.0
0.0
0.0
0.0
0.0
0.0
0.0
0.0
0.0
0.0
0.0
0.0
0.0
0.0
0.0
0.0
0.0
0.0
0.0
0.0
0.0
0.0
0.0
0.0
0.0
0.0
0.0
0.0
0.0
0.0
0.0
0.0
0.0
0.0
0.0
0.0
0.0
0.0
0.0
0.0
0.0
0.0
13.727102279663086
2.987279176712036
10.210325241088867
8.065150260925293
15.06830883026123
0.14956137537956238
0.0
0.0
0.0
0.0
0.0
0.0
0.0
0.0
15.806830406188965
0.0
0.0
0.0
0.0
0.0
0.0
0.0
0.0
0.0
0.0
0.0
0.0
0.0
1.4956138134002686
15.32058334350586
2.3182013034820557
13.461495399475098
0.0
0.14956137537956238
0.0
0.0
0.0
0.0
0.0
3.766986608505249
49.86447525024414
0.0
0.0
14.490528106689453
15.3689603805542
4.231750011444092
13.156026840209961
44.98601531982422
2.8122618198394775
2.379169225692749
2.165982246398926
8.291839599609375
3.2423601150512695
1.1631276607513428
19.04421615600586
0.0
0.0
0.0
8.487069129943848
5.153692245483398
10.535213470458984
10.440828323364258
3.321296215057373
0.0
0.0
10.193496704101562
11.507884979248047
33.45054626464844
14.384682655334473
3.382373571395874
0.9347586035728455
0.0
8.711949348449707
3.857393264770508
35.120155334472656
5.67186164855957
0.0
0.11217103898525238
0.0
0.0
0.0
0.0
0.0
0.0
0.0
3.2855944633483887
0.1674216389656067
0.0
0.0
0.0
0.0
0.0
0.35182255506515503
0.0
0.0
18.435503005981445
15.898978233337402
35.79820251464844
36.11128616333008
4.154454231262207
12.586033821105957
0.0
0.0
0.0
0.0
0.9712849259376526
0.16685380041599274
0.0
0.0
0.0
0.0
2.2643027305603027
0.0
0.0
0.0
0.0
0.0
0.0
0.0
10.0
30.0
0.0
0.0
0.0
0.0
0.0
0.0
0.0
0.0
0.0
0.0
0.0
0.0
40.0
7.0
10.0
42.0
0.0
0.0
0.0
0.0
0.0
0.0
0.0
0.0
0.0
0.0
18.0
5.0
0.0
0.0
41.0
37.0
15.0
22.0
51.0
7.0
2.0
40.0
43.0
0.0
0.0
0.0
7.0
0.0
0.0
0.0
0.0
0.0
0.0
0.0
0.0
0.0
0.0
0.0
0.0
0.0
0.0
0.0
0.0
0.0
0.0
6.0
32.0
0.0
0.0
29.0
17.0
0.0
15.0
42.0
10.0
0.0
0.0
0.0
0.0
12.0
21.0
36.0
62.0
54.0
0.0
32.0
0.0
0.0
0.0
43.0
7.0
0.0
43.0
53.0
63.0
12.0
34.0
0.0
23.0
92.0
28.0
20.0
10.0
0.0
0.0
0.0
0.0
0.0
0.0
0.0
0.0
0.0
0.0
0.0
0.0
0.0
0.0
0.0
0.0
0.0
0.0
0.0
0.0
0.0
0.0
0.0
0.0
0.0
0.0
0.0
0.0
0.0
0.0
0.0
0.0
0.0
0.0
0.0
0.0
0.0
0.0
0.0
0.0
0.0
0.0
0.0
20.0
14.0
12.0
8.0
56.0
36.0
0.0
0.0
0.0
0.0
0.0
0.0
0.0
0.0
0.0
0.0
0.0
0.0
0.0
0.0
0.0
0.0
0.0
0.0
4.0
10.0
15.0
85.0
15.0
4.0
0.0
0.0
0.0
0.0
0.0
0.0
38.0
48.0
5.0
2.0
0.0
42.0
54.0
0.0
0.0
4.0
6.0
5.0
0.0
0.0
0.0
0.0
0.0
0.0
0.0
0.0
0.0
0.0
0.0
0.0
0.0
15.0
32.0
0.0
0.0
0.0
0.5
42.0
28.0
6.0
0.0
15.0
0.0
0.0
0.0
0.0
0.0
0.0
0.0
10.0
0.0
0.0
0.0
0.0
0.0
0.0
0.0
0.0
0.0
0.0
0.0
0.0
0.0
0.0
0.0
0.0
0.0
0.0
7.0
0.0
0.0
0.0
0.0
0.0
0.0
0.0
0.0
5.0
7.0
0.0
0.0
0.0
0.0
0.0
0.0
0.0
0.0
0.0
0.0
0.0
0.0
0.0
0.0
2.4000000953674316
0.0
0.0
0.0
1.399999976158142
19.399999618530273
0.0
2.200000047683716
8.199999809265137
6.0
13.0
14.0
21.0
1.2000000476837158
0.800000011920929
10.0
5.800000190734863
10.199999809265137
0.0
0.0
0.0
0.0
0.0
2.799999952316284
0.0
0.0
1.399999976158142
0.0
0.0
1.399999976158142
0.800000011920929
0.0
0.0
0.0
0.0
0.0
0.0
1.2000000476837158
6.199999809265137
0.0
0.0
0.0
0.0
0.0
6.0
0.0
3.0
0.0
0.0
0.0
0.0
0.0
0.0
1.399999976158142
3.0
50.0
16.200000762939453
28.0
29.0
12.0
2.0
1.0
1.399999976158142
0.0
0.0
0.0
0.0
0.0
0.0
0.0
7.0
0.0
0.0
0.0
0.0
0.0
0.0
0.0
0.0
0.0
0.0
0.20000000298023224
0.4000000059604645
0.0
0.0
0.0
0.0
0.0
0.0
0.0
0.0
0.0
0.0
0.0
0.0
0.0
0.0
0.0
0.0
0.0
0.0
0.0
0.0
0.0
0.0
0.0
0.0
0.0
0.0
0.0
48.0
29.0
5.400000095367432
2.0
0.0
0.0
0.0
0.0
0.0
0.0
0.0
0.0
0.0
0.0
0.0
0.0
0.0
0.0
0.0
0.0
2.4000000953674316
56.400001525878906
0.0
0.0
1.0
2.5999999046325684
9.600000381469727
24.0
3.0
28.0
23.0
0.0
0.0
4.199999809265137
11.0
14.399999618530273
0.0
3.0
2.5999999046325684
13.0
3.0
8.0
2.0
2.0
1.0
2.0
0.0
1.0
0.0
2.799999952316284
0.0
0.0
0.0
0.0
0.0
0.0
0.0
0.0
30.0
3.0
0.4000000059604645
4.0
5.0
2.0
0.0
13.0
0.10000000149011612
2.0
5.0
31.0
0.0
0.4000000059604645
46.0
8.600000381469727
0.0
4.0
12.399999618530273
2.200000047683716
3.200000047683716
30.0
216.0
87.0
26.0
10.399999618530273
8.399999618530273
28.0
6.0
85.4000015258789
71.0
6.0
2.200000047683716
5.0
6.400000095367432
1.399999976158142
0.0
2.0
2.200000047683716
0.0
0.0
0.0
0.0
1.0
1.0
30.0
4.0
4.0
9.0
2.5999999046325684
0.0
0.0
0.6000000238418579
0.0
0.0
0.0
0.0
0.0
0.0
0.0
30.0
0.0
0.0
0.0
0.0
0.0
0.0
0.0
0.0
0.0
0.0
0.0
0.0
0.0
0.0
0.0
0.0
0.0
0.0
0.0
0.0
0.0
0.0
0.0
0.0
0.0
0.0
0.0
0.0
0.0
12.0
0.0
0.0
0.0
2.0
9.0
15.0
0.0
0.0
0.0
0.0
0.0
0.0
0.0
0.0
0.0
1.0
0.0
0.0
0.0
0.0
0.0
0.0
1.0
12.0
0.0
0.0
0.0
0.0
3.0
3.0
2.0
0.0
0.0
0.0
0.0
0.0
0.0
1.0
0.20000000298023224
0.0
0.0
0.0
30.0
45.0
6.0
0.0
0.0
0.0
0.0
0.0
0.0
0.0
0.0
0.0
2.0
3.0
0.0
0.0
0.0
0.0
0.0
0.0
0.0
0.0
0.0
0.0
0.0
0.0
0.0
0.0
0.0
0.0
0.0
0.0
0.0
0.0
0.0
0.0
0.0
1.5
0.0
0.0
0.0
0.0
0.0
0.0
0.0
10.600000381469727
0.0
0.0
0.0
0.0
0.0
0.0
0.0
0.0
0.0
0.0
0.0
0.0
0.0
0.0
0.0
2.200000047683716
26.0
0.0
0.0
0.0
0.0
0.800000011920929
4.0
0.0
27.0
1.600000023841858
10.0
0.4000000059604645
0.0
0.0
0.0
0.0
0.0
0.0
0.0
2.0
4.0
36.0
0.0
6.400000095367432
11.399999618530273
28.200000762939453
3.0
3.0
0.0
0.0
3.0
2.5999999046325684
7.0
0.0
5.0
0.0
0.0
0.0
5.0
0.0
0.0
0.0
2.0
0.0
3.5999999046325684
0.0
0.0
40.0
16.0
6.0
3.0
11.0
5.0
39.0
1.0
31.399999618530273
13.399999618530273
9.0
10.0
8.600000381469727
3.0
4.0
4.599999904632568
2.0
14.399999618530273
0.0
0.0
0.0
2.0
26.0
0.0
0.0
0.0
8.0
34.400001525878906
2.0
14.0
30.399999618530273
10.0
1.399999976158142
0.0
0.0
0.0
155.0
78.5999984741211
8.0
6.0
10.0
0.0
0.0
0.0
0.0
0.0
0.0
0.0
0.0
0.0
0.0
0.0
0.0
0.0
0.0
0.0
0.0
0.0
0.0
14.0
6.0
13.199999809265137
20.0
17.399999618530273
0.0
0.0
0.0
0.0
12.399999618530273
0.0
0.0
0.0
0.0
0.0
0.0
0.0
0.0
0.0
0.0
0.0
0.0
0.0
0.0
0.0
0.0
0.0
0.0
0.0
0.0
0.0
0.0
0.0
0.0
0.0
0.0
40.0
127.0
47.0
25.0
1.0
6.0
46.0
32.0
2.4000000953674316
7.0
0.0
32.0
6.400000095367432
2.4000000953674316
2.4000000953674316
0.0
0.0
2.0
58.400001525878906
10.399999618530273
0.0
3.0
1.0
0.0
1.399999976158142
36.0
78.0
62.0
0.0
2.4000000953674316
0.0
6.400000095367432
0.0
0.0
0.0
11.0
38.0
17.0
4.0
0.0
0.0
0.0
0.0
0.0
0.0
0.0
5.0
12.0
16.200000762939453
75.0
124.0
2.0
4.0
6.0
0.0
3.200000047683716
0.0
0.0
0.0
16.0
4.0
5.0
0.0
0.0
0.0
0.0
0.0
0.0
0.0
0.0
0.0
0.0
0.0
0.0
0.0
0.0
0.0
0.0
0.0
0.0
0.0
0.0
0.0
0.0
0.0
0.0
0.0
0.0
0.0
0.0
0.0
0.0
7.0
2.0
0.0
0.0
0.0
3.0
0.0
4.0
0.0
0.0
13.0
1.0
16.0
0.0
0.0
2.0
51.0
7.0
68.0
51.0
4.0
12.0
36.0
37.0
17.0
0.0
7.199999809265137
46.400001525878906
4.0
12.0
31.0
16.0
2.0
0.0
5.0
27.0
4.0
7.0
6.0
3.0
2.0
4.0
22.0
4.0
1.399999976158142
56.0
37.0
38.0
0.0
0.0
0.0
0.0
4.0
6.0
0.0
2.0
0.0
5.0
62.0
8.0
14.0
0.0
0.0
0.0
0.0
2.0
2.0
3.0
0.0
0.0
0.0
3.0
0.0
0.0
0.0
0.0
5.0
6.0
4.0
0.0
0.0
0.0
7.0
0.0
31.0
10.0
2.0
3.0
7.0
15.0
0.0
0.0
0.0
0.0
0.0
6.0
4.0
0.0
0.0
0.0
0.0
8.0
0.0
0.0
0.0
0.0
0.0
0.0
0.0
0.0
0.0
0.0
0.0
0.0
0.0
0.0
0.0
0.0
0.0
3.0
0.0
0.0
0.0
0.0
0.0
0.0
12.0
0.0
4.0
0.0
0.0
0.0
15.0
16.0
0.0
34.0
0.0
0.0
0.0
0.0
2.0
0.0
0.0
13.0
15.0
4.0
0.0
0.0
0.0
35.0
62.0
4.0
1.0
0.0
0.0
75.0
2.0
4.0
0.0
0.0
32.0
0.0
2.0
0.0
0.0
16.0
0.0
14.0
5.0
35.0
2.0
0.0
0.0
0.0
0.0
3.0
5.0
0.0
0.0
0.0
10.0
0.0
0.0
32.0
6.0
10.0
0.0
0.0
3.0
48.0
5.0
4.0
0.0
2.0
65.0
8.0
0.0
8.0
32.0
36.0
3.0
38.0
46.0
86.0
36.0
0.0
0.0
0.0
0.0
0.0
0.0
0.0
0.0
0.0
0.0
0.0
0.0
0.0
0.0
0.0
0.0
0.0
0.0
0.0
0.0
0.0
0.0
0.0
0.0
0.0
0.0
0.0
0.0
16.0
0.0
0.0
0.0
0.0
0.0
0.0
0.0
0.0
0.0
0.0
0.0
0.0
0.0
0.0
0.0
0.0
0.0
0.0
0.0
0.0
0.0
0.0
0.0
0.0
3.0
13.0
24.0
0.0
2.0
0.0
0.0
0.0
0.0
0.0
0.0
0.0
0.0
0.0
0.0
0.0
12.0
10.0
0.0
0.0
0.0
10.0
14.0
13.0
8.0
0.0
0.0
0.0
0.0
0.0
0.0
0.0
4.0
0.0
6.0
0.0
4.0
0.0
25.0
0.0
76.0
18.0
2.0
32.0
8.0
8.0
25.0
88.0
6.0
8.0
16.0
6.0
8.0
0.0
0.0
0.0
0.0
0.0
0.0
0.0
0.0
0.0
0.0
0.0
0.0
0.0
0.0
0.0
0.0
0.0
0.0
0.0
7.0
0.0
0.0
0.0
0.0
0.0
0.0
0.0
0.0
0.0
0.0
0.0
0.0
0.0
0.0
0.0
0.0
0.0
0.0
0.0
0.0
0.0
0.0
0.0
0.0
0.0
0.0
0.0
0.0
0.0
6.0
0.0
0.0
0.0
0.0
0.0
0.0
0.0
0.0
12.0
0.0
38.0
0.0
0.0
7.0
0.0
8.0
23.0
19.0
0.0
2.0
17.0
43.0
20.0
3.0
2.0
0.0
0.0
11.0
2.0
8.0
14.0
2.0
0.0
4.0
1.0
0.0
0.0
3.0
0.0
0.0
0.0
0.0
0.0
0.0
0.0
0.0
0.0
0.0
0.0
0.0
0.0
8.0
0.0
5.0
3.0
7.0
2.0
0.0
5.0
25.0
1.0
3.0
1.0
0.0
3.0
0.0
0.0
0.0
0.0
0.0
0.0
0.0
0.0
0.0
0.0
0.0
0.0
0.0
0.0
0.0
0.0
0.0
0.0
0.0
0.0
7.0
20.0
6.0
23.0
0.0
0.0
0.0
0.0
0.0
0.0
0.0
0.0
0.0
0.0
0.0
0.0
0.0
0.0
0.0
0.0
0.0
0.0
0.0
0.0
0.0
0.0
0.0
0.0
0.0
0.0
0.0
0.0
0.0
0.0
0.0
0.0
0.0
0.0
0.0
0.0
0.0
0.0
0.0
0.0
0.0
0.0
0.0
0.0
0.0
0.0
0.0
0.0
0.0
0.0
0.0
0.0
9.0
4.0
22.0
16.0
18.0
0.0
1.0
0.0
0.0
0.0
0.0
0.0
0.0
8.5
62.0
45.0
2.0
3.0
0.0
4.0
5.0
9.0
12.5
6.0
23.0
2.0
0.0
0.0
0.0
38.0
0.0
8.0
45.0
4.0
5.0
12.0
3.0
0.0
0.0
0.0
0.0
0.0
0.0
3.0
0.0
2.0
93.0
104.0
9.0
5.0
4.0
0.0
15.0
67.0
25.0
3.0
1.0
2.0
2.0
1.0
0.0
0.0
0.0
14.0
4.0
2.0
5.0
0.0
0.0
0.0
0.0
0.0
0.0
0.0
0.0
0.0
0.0
0.0
0.0
0.0
0.0
12.0
0.0
0.0
0.0
0.0
0.0
0.0
0.0
0.0
0.0
42.0
2.0
11.0
3.0
0.0
0.0
0.0
0.0
0.0
0.0
0.0
0.0
0.0
0.0
0.0
0.0
0.0
0.0
0.0
0.0
0.0
0.0
0.0
0.0
0.0
0.0
0.0
0.0
0.0
0.0
45.0
0.0
0.0
0.0
0.0
0.0
0.0
0.0
0.0
0.0
0.0
0.0
0.0
0.0
0.0
0.0
0.0
0.0
31.0
0.0
28.0
6.0
0.0
5.0
2.0
0.0
2.0
1.0
3.0
7.0
50.0
40.0
42.0
3.0
0.0
0.0
4.0
0.0
0.0
2.0
0.0
0.0
7.0
30.0
20.0
11.0
0.0
0.0
0.0
1.0
1.0
7.0
1.0
14.0
25.0
4.0
4.0
1.0
3.0
5.0
0.0
0.0
0.0
0.0
0.0
0.0
0.0
0.0
0.0
0.0
0.0
0.0
0.0
0.0
0.0
0.0
0.0
0.0
0.0
0.0
0.0
0.0
0.0
0.0
0.0
0.0
0.0
0.0
0.0
0.0
0.0
0.0
0.0
0.0
0.0
0.0
0.0
0.0
0.0
0.0
0.0
0.0
0.0
0.0
0.0
0.0
0.0
0.0
0.0
0.0
0.0
0.0
0.0
0.0
0.0
0.0
0.0
0.0
0.0
0.0
0.0
0.0
0.0
0.0
5.400000095367432
0.6000000238418579
6.5
2.0
58.0
2.0
0.0
2.0
8.0
0.0
0.0
0.0
0.0
0.0
0.0
0.0
24.0
4.5
51.0
16.0
0.0
0.0
0.0
39.0
73.0
4.0
3.0
3.0
3.0
12.0
11.0
1.0
8.0
13.0
13.0
1.0
0.0
20.0
7.0
4.0
4.0
2.0
0.4000000059604645
8.0
2.0
0.0
0.0
7.0
16.0
6.0
96.0
72.0
15.0
46.0
4.0
0.0
0.0
0.0
1.0
2.0
0.0
0.0
0.0
0.0
0.0
0.0
0.0
0.0
2.0
1.0
0.0
0.0
10.0
6.0
1.0
40.0
7.0
7.0
0.0
0.0
0.0
0.0
0.0
0.0
0.0
0.0
11.0
0.0
47.0
0.0
0.0
0.0
0.0
0.0
0.0
2.0
39.0
0.0
0.0
0.0
0.0
0.0
0.0
0.0
0.0
0.0
0.0
0.0
0.0
0.0
5.0
0.0
0.0
0.0
0.0
0.0
0.0
0.0
0.0
0.0
0.0
0.0
0.0
0.0
0.0
0.0
0.0
0.0
48.0
16.0
16.0
3.5
27.0
38.5
7.5
1.0
2.0
0.0
0.0
0.0
0.0
0.0
0.0
0.0
5.0
29.5
2.0
2.0
11.0
0.0
0.0
1.5
1.0
0.0
0.0
0.0
0.0
0.0
0.0
0.0
14.5
133.0
85.0
12.0
4.0
0.0
10.0
7.0
135.0
20.0
3.0
0.0
13.0
13.0
9.0
0.0
16.0
36.0
0.0
0.0
0.0
5.0
5.0
15.0
13.0
6.0
3.0
0.0
0.0
0.0
0.0
1.0
0.0
1.0
8.0
0.0
0.0
0.0
0.0
0.0
0.0
0.0
10.0
9.0
0.0
0.0
0.0
0.0
0.0
3.0
0.0
0.0
0.0
0.0
0.0
0.0
0.0
0.0
0.0
0.0
0.0
0.0
0.0
0.0
0.0
0.0
0.0
0.0
0.0
0.0
0.0
0.0
0.0
0.0
0.0
0.0
0.0
0.0
0.0
0.0
0.0
0.0
0.0
0.0
0.0
0.0
0.0
0.0
0.0
0.0
0.0
3.0
0.0
0.0
0.0
0.0
0.0
0.0
0.0
0.0
0.0
0.0
2.0
2.0
20.0
3.0
81.0
0.0
4.0
9.0
2.0
0.0
0.0
0.0
2.0
1.0
1.0
25.0
3.0
3.0
43.0
2.0
22.0
0.0
28.0
8.0
13.0
0.0
1.0
4.0
2.0
14.0
0.0
0.0
0.0
0.0
0.0
0.0
0.0
0.0
2.0
2.0
1.0
0.0
0.0
0.0
0.0
0.0
0.0
0.0
0.0
0.0
0.0
0.0
0.0
2.0
0.0
0.0
0.0
0.0
0.0
0.0
0.0
0.0
0.0
0.0
0.0
0.0
0.0
0.0
0.0
2.0
0.0
0.0
0.0
0.0
0.0
0.0
0.0
0.0
0.0
0.0
0.0
0.0
0.0
0.0
0.0
0.0
0.0
0.0
0.0
0.0
0.0
0.0
0.0
0.0
9.5
0.0
33.0
0.0
1.0
0.0
23.5
2.0
0.0
2.0
16.5
4.0
2.0
0.0
4.0
14.0
0.0
0.0
0.0
0.0
2.0
4.0
0.0
0.0
0.0
0.0
0.0
0.0
0.0
0.0
2.0
3.0
0.0
0.0
0.0
0.0
0.0
1.0
19.0
64.0
2.0
41.0
20.0
18.0
2.0
8.0
5.0
1.0
2.0
0.0
1.0
1.0
30.0
18.0
40.0
2.0
0.0
0.0
0.0
0.0
4.0
45.0
3.5
2.5
1.0
1.0
0.0
0.0
0.0
0.0
0.0
0.0
0.0
0.0
0.0
0.0
0.0
0.0
0.0
0.0
0.0
0.0
0.0
0.0
0.0
0.0
0.0
0.0
0.0
0.0
0.0
0.0
0.0
0.0
0.0
0.0
0.0
0.0
0.0
0.0
0.0
0.0
0.0
0.0
0.0
0.0
0.0
0.0
0.0
0.0
0.0
0.0
0.0
0.0
0.0
0.0
0.0
0.0
0.0
0.0
0.0
0.0
0.0
0.0
0.0
0.0
0.0
0.0
0.0
0.0
0.0
0.0
0.0
23.0
0.0
0.0
0.0
0.0
0.0
0.0
0.0
0.0
0.0
0.0
0.0
0.0
0.0
0.0
0.0
3.5
0.0
0.0
0.0
0.0
0.0
0.0
0.0
0.0
0.0
0.0
0.0
0.0
0.0
0.0
0.0
0.0
0.0
0.0
0.0
0.0
0.0
0.0
0.0
0.0
38.0
0.0
0.0
0.0
0.0
0.0
3.0
0.0
0.0
0.0
0.0
3.0
0.0
2.0
3.5
20.0
0.0
13.5
19.5
110.0
37.0
0.0
0.0
43.0
33.0
0.0
0.0
0.0
0.0
0.0
0.0
0.0
0.0
0.0
0.0
0.0
0.0
0.0
0.0
0.0
0.0
0.0
0.0
0.0
0.0
0.0
0.0
0.0
0.0
0.0
0.0
0.0
0.0
0.0
0.0
0.0
0.0
0.0
0.0
0.0
0.0
0.0
0.0
0.0
0.0
0.0
0.0
0.0
0.0
0.0
0.0
0.0
0.0
0.0
0.0
0.0
0.0
0.0
0.0
0.0
0.0
0.0
0.0
8.0
5.0
4.0
8.0
6.0
2.0
0.0
15.0
45.0
0.0
0.0
0.0
0.0
0.0
0.0
29.0
245.0
21.0
2.0
0.0
44.0
73.0
5.0
72.0
31.0
1.0
27.0
7.0
4.0
6.0
32.0
14.0
19.0
5.0
3.0
28.0
3.0
145.0
131.0
13.0
5.0
5.0
4.0
6.0
2.0
0.0
5.0
0.0
0.0
0.0
0.0
0.0
15.0
0.0
0.0
0.0
21.0
43.0
8.0
4.0
0.0
0.0
0.0
0.0
0.0
0.0
0.0
0.0
0.0
0.0
0.0
0.0
0.0
0.0
0.0
0.0
0.0
0.0
0.0
0.0
0.0
0.0
0.0
4.0
0.0
0.0
22.0
8.0
10.0
0.0
11.0
23.0
0.0
0.0
0.0
0.0
0.0
0.0
0.0
0.0
0.0
0.0
0.0
0.0
0.0
0.0
5.0
0.0
0.0
17.0
3.0
0.0
0.0
0.0
0.0
6.0
0.0
0.0
0.0
0.0
0.0
0.0
2.0
4.0
87.0
1.0
31.0
0.0
4.0
0.0
12.0
9.0
0.0
0.0
0.0
0.0
0.0
0.0
0.0
0.0
26.0
15.0
0.0
0.0
0.0
0.0
6.0
3.0
32.0
27.0
3.0
3.0
10.0
0.0
1.0
0.0
0.0
0.0
0.0
0.0
0.0
0.0
2.0
2.0
22.0
3.0
0.0
0.0
3.0
4.0
23.0
0.0
17.0
0.0
56.0
6.0
7.0
38.0
16.0
52.0
0.0
18.0
12.0
4.0
0.0
0.0
0.0
10.0
0.0
0.0
0.0
0.0
0.0
0.0
0.0
0.0
0.0
0.0
0.0
0.0
0.0
0.0
0.0
0.0
0.0
0.0
0.0
41.0
52.0
0.0
0.0
2.0
0.0
0.0
0.0
0.0
16.0
29.0
0.0
0.0
0.0
0.0
0.0
0.0
0.0
0.0
0.0
0.0
0.0
9.0
0.0
0.0
0.0
5.0
0.0
0.0
0.0
0.0
0.0
0.0
0.0
0.0
0.0
0.0
0.0
4.0
0.0
0.0
28.0
4.0
23.0
66.0
20.0
39.0
0.0
0.0
0.0
0.0
0.0
0.0
0.0
0.0
2.0
5.0
2.0
5.0
0.0
0.0
0.0
0.0
0.0
17.0
36.0
0.0
0.0
0.0
0.0
0.0
6.0
3.0
9.0
22.0
7.0
0.0
17.0
0.0
25.0
0.0
0.0
0.0
0.0
0.0
0.0
27.0
38.0
0.0
5.0
2.0
0.0
16.0
106.0
8.0
4.0
5.0
0.0
0.0
4.0
44.0
40.0
26.0
0.0
0.0
0.0
0.0
63.0
2.0
8.0
0.0
0.0
0.0
0.0
0.0
0.0
0.0
0.0
0.0
0.0
0.0
0.0
0.0
8.0
0.0
0.0
10.0
8.0
20.0
0.0
0.0
0.0
0.0
0.0
0.0
0.0
0.0
0.0
0.0
0.0
0.0
2.6125810146331787
0.0
1.8043034076690674
0.0
0.0
0.0
0.0
0.0
0.0
0.0
0.0
0.0
0.9937954545021057
0.0
0.0
0.0
0.0
0.0
19.801183700561523
0.0
1.2042731046676636
0.0
0.0
0.0
0.0
0.0
0.0
0.0
0.0
0.0
4.555632591247559
26.893428802490234
45.4496955871582
60.45217514038086
0.0
1.932450532913208
0.0
2.512185573577881
0.7729802131652832
27.442283630371094
6.704099178314209
24.872257232666016
9.601655006408691
26.96678352355957
37.123538970947266
71.087158203125
32.760108947753906
8.722041130065918
0.0
22.444034576416016
96.0887680053711
37.252166748046875
7.854901313781738
7.5084028244018555
1.4147508144378662
2.9858667850494385
1.0684596300125122
0.0
0.0
0.0
0.21311548352241516
0.7729802131652832
0.9885197877883911
0.0
0.0
0.0
0.0
0.0
0.0
0.4262309670448303
11.422731399536133
7.717353820800781
1.372585654258728
17.844364166259766
0.8093927502632141
2.982776641845703
0.39751818776130676
0.0
0.0
0.0
0.0
0.2983616888523102
7.12412691116333
17.03516960144043
0.0
0.0
0.0
0.0
0.0
0.0
0.0
0.0
0.0
0.0
0.0
0.0
0.0
0.0
0.0
0.0
0.0
0.0
0.0
0.0
0.0
0.0
0.0
0.0
0.0
0.0
0.0
0.0
0.0
0.0
0.0
0.0
0.0
0.0
0.0
0.0
0.0
0.0
0.0
0.0
0.0
0.0
0.0
0.0
0.0
0.0
0.0
0.0
0.0
8.0
4.0
0.0
0.0
0.0
0.0
0.0
0.0
0.0
0.0
0.0
0.0
0.0
0.0
0.0
0.0
0.0
2.0
1.0
0.0
0.0
0.0
0.0
0.0
0.0
0.0
25.0
5.0
10.0
15.0
2.0
14.0
11.0
1.0
1.0
0.0
36.0
49.0
22.0
13.0
4.0
0.0
34.0
17.0
7.0
0.0
24.0
0.0
0.0
0.0
30.0
12.0
2.0
0.0
2.0
0.0
0.0
2.0
2.0
6.0
0.0
0.0
0.0
0.0
0.0
0.0
0.0
0.0
0.0
2.0
0.0
0.0
58.0
28.0
45.0
40.0
12.0
110.0
2.0
4.0
0.0
0.0
0.0
0.0
0.0
0.0
0.0
0.0
0.0
0.0
0.0
0.0
0.0
0.0
0.0
0.0
0.0
0.0
0.0
0.0
0.0
0.0
0.0
0.0
0.0
0.0
0.0
0.0
0.0
0.0
0.0
0.0
0.0
0.0
0.0
0.0
15.0
0.0
30.0
0.0
0.0
0.0
0.0
0.0
0.0
0.0
13.0
10.5
21.0
10.0
0.0
0.0
0.0
0.0
83.0
60.0
1.0
17.0
13.0
63.0
32.0
118.0
16.0
0.0
12.0
1.0
0.0
121.5
43.0
34.0
0.0
4.0
0.0
0.0
6.0
0.0
0.0
0.0
0.0
0.0
0.0
0.0
0.0
0.0
0.0
0.0
0.0
2