   5.0885383E-08
   5.2426969E-08
   5.3968556E-08
   5.5510142E-08
   5.7051729E-08
   5.8593312E-08
   6.0134902E-08
   6.1676488E-08
   6.3218074E-08
   6.4759661E-08
   6.6301240E-08
   6.7842826E-08
   6.9384420E-08
   7.0925999E-08
   7.2467586E-08
   7.4009172E-08
   7.5550759E-08
   7.7092345E-08
   7.8633931E-08
   8.0175518E-08
   8.1717104E-08
   8.3258691E-08
   8.4800277E-08
   8.6341863E-08
   8.7883450E-08
   8.9425036E-08
   9.0966623E-08
   9.2508202E-08
   9.4049796E-08
   9.5591382E-08
   9.6285405E-08
   9.6131870E-08
   9.5978336E-08
   9.5824802E-08
   9.5671268E-08
   9.5517734E-08
   9.5364207E-08
   9.5210666E-08
   9.5057132E-08
   9.4903605E-08
   9.4750071E-08
   9.4596530E-08
   9.4443003E-08
   9.4289469E-08
   9.4135935E-08
   9.3982401E-08
   9.3828866E-08
   9.3675332E-08
   9.3521798E-08
   9.3368264E-08
   9.3214730E-08
   9.3061196E-08
   9.2907662E-08
   9.2754135E-08
   9.2600601E-08
   9.2447067E-08
   9.2293533E-08
   9.2139999E-08
   9.1986465E-08
   9.1832931E-08
   9.1679397E-08
   9.0665331E-08
   8.9651266E-08
   8.8637201E-08
   8.7623135E-08
   8.6609070E-08
   8.5595005E-08
   8.4580940E-08
   8.3566874E-08
   8.2552809E-08
   8.1538744E-08
   8.0524678E-08
   7.9510613E-08
   7.8496548E-08
   7.7482483E-08
   7.6468417E-08
   7.5454352E-08
   7.4440287E-08
   7.3426222E-08
   7.2412156E-08
   7.1398091E-08
   7.0384026E-08
   6.9369960E-08
   6.8355895E-08
   6.7341830E-08
   6.6327765E-08
   6.5313699E-08
   6.4299634E-08
   6.3285569E-08
   6.2271504E-08
   6.1257438E-08
   6.0243373E-08
   5.9743449E-08
   5.9243526E-08
   5.8743602E-08
   5.8243678E-08
   5.7743755E-08
   5.7243827E-08
   5.6743907E-08
   5.6243980E-08
   5.5744056E-08
   5.5244136E-08
   5.4744209E-08
   5.4244286E-08
   5.3744362E-08
   5.3244438E-08
   5.2744511E-08
   5.2244591E-08
   5.1744664E-08
   5.1244740E-08
   5.0744816E-08
   5.0244893E-08
   4.9744969E-08
   4.9245045E-08
   4.8745122E-08
   4.8245198E-08
   4.7745274E-08
   4.7245347E-08
   4.6745424E-08
   4.6245500E-08
   4.5745576E-08
   4.5245653E-08
