   7.2411680E-08
   7.3557189E-08
   7.4702697E-08
   7.5848206E-08
   7.6993715E-08
   7.8139223E-08
   7.9284732E-08
   8.0430233E-08
   8.1575742E-08
   8.2721257E-08
   8.3866759E-08
   8.5012267E-08
   8.6157776E-08
   8.7303285E-08
   8.8448793E-08
   8.9594302E-08
   9.0739810E-08
   9.1885319E-08
   9.3030827E-08
   9.4176336E-08
   9.5321845E-08
   9.6467346E-08
   9.7612855E-08
   9.8758370E-08
   9.9903872E-08
   1.0104938E-07
   1.0219489E-07
   1.0334040E-07
   1.0448591E-07
   1.0563141E-07
   1.0589857E-07
   1.0528737E-07
   1.0467617E-07
   1.0406498E-07
   1.0345378E-07
   1.0284258E-07
   1.0223138E-07
   1.0162018E-07
   1.0100898E-07
   1.0039778E-07
   9.9786590E-08
   9.9175388E-08
   9.8564193E-08
   9.7952991E-08
   9.7341790E-08
   9.6730595E-08
   9.6119400E-08
   9.5508199E-08
   9.4897004E-08
   9.4285802E-08
   9.3674608E-08
   9.3063406E-08
   9.2452211E-08
   9.1841017E-08
   9.1229815E-08
   9.0618613E-08
   9.0007418E-08
   8.9396217E-08
   8.8785022E-08
   8.8173827E-08
   8.7562626E-08
   8.6806835E-08
   8.6051038E-08
   8.5295248E-08
   8.4539458E-08
   8.3783668E-08
   8.3027871E-08
   8.2272074E-08
   8.1516284E-08
   8.0760493E-08
   8.0004703E-08
   7.9248906E-08
   7.8493116E-08
   7.7737326E-08
   7.6981536E-08
   7.6225739E-08
   7.5469949E-08
   7.4714151E-08
   7.3958361E-08
   7.3202571E-08
   7.2446781E-08
   7.1690984E-08
   7.0935194E-08
   7.0179404E-08
   6.9423606E-08
   6.8667816E-08
   6.7912026E-08
   6.7156229E-08
   6.6400439E-08
   6.5644649E-08
   6.4888852E-08
   6.4133062E-08
   6.3747244E-08
   6.3361433E-08
   6.2975623E-08
   6.2589805E-08
   6.2203995E-08
   6.1818177E-08
   6.1432367E-08
   6.1046549E-08
   6.0660739E-08
   6.0274928E-08
   5.9889111E-08
   5.9503297E-08
   5.9117486E-08
   5.8731668E-08
   5.8345854E-08
   5.7960040E-08
   5.7574226E-08
   5.7188412E-08
   5.6802602E-08
   5.6416788E-08
   5.6030974E-08
   5.5645160E-08
   5.5259346E-08
   5.4873531E-08
   5.4487717E-08
   5.4101903E-08
   5.3716089E-08
   5.3330275E-08
   5.2944461E-08
   5.2558647E-08
