   5.5390675E-08
   5.6824160E-08
   5.8257644E-08
   5.9691125E-08
   6.1124609E-08
   6.2558094E-08
   6.3991578E-08
   6.5425056E-08
   6.6858540E-08
   6.8292024E-08
   6.9725509E-08
   7.1158993E-08
   7.2592478E-08
   7.4025955E-08
   7.5459440E-08
   7.6892924E-08
   7.8326408E-08
   7.9759893E-08
   8.1193370E-08
   8.2626855E-08
   8.4060339E-08
   8.5493824E-08
   8.6927308E-08
   8.8360792E-08
   8.9794270E-08
   9.1227754E-08
   9.2661239E-08
   9.4094723E-08
   9.5528208E-08
   9.6961692E-08
   9.7616137E-08
   9.7491551E-08
   9.7366957E-08
   9.7242378E-08
   9.7117791E-08
   9.6993197E-08
   9.6868618E-08
   9.6744024E-08
   9.6619438E-08
   9.6494851E-08
   9.6370265E-08
   9.6245671E-08
   9.6121092E-08
   9.5996505E-08
   9.5871911E-08
   9.5747325E-08
   9.5622738E-08
   9.5498152E-08
   9.5373565E-08
   9.5248978E-08
   9.5124392E-08
   9.4999805E-08
   9.4875219E-08
   9.4750632E-08
   9.4626046E-08
   9.4501452E-08
   9.4376865E-08
   9.4252279E-08
   9.4127692E-08
   9.4003106E-08
   9.3878519E-08
   9.2954870E-08
   9.2031215E-08
   9.1107552E-08
   9.0183903E-08
   8.9260254E-08
   8.8336598E-08
   8.7412943E-08
   8.6489287E-08
   8.5565638E-08
   8.4641982E-08
   8.3718326E-08
   8.2794678E-08
   8.1871022E-08
   8.0947366E-08
   8.0023710E-08
   7.9100062E-08
   7.8176406E-08
   7.7252750E-08
   7.6329094E-08
   7.5405445E-08
   7.4481790E-08
   7.3558134E-08
   7.2634485E-08
   7.1710829E-08
   7.0787173E-08
   6.9863525E-08
   6.8939869E-08
   6.8016213E-08
   6.7092557E-08
   6.6168909E-08
   6.5245253E-08
   6.4716978E-08
   6.4188704E-08
   6.3660430E-08
   6.3132156E-08
   6.2603881E-08
   6.2075607E-08
   6.1547333E-08
   6.1019058E-08
   6.0490784E-08
   5.9962510E-08
   5.9434235E-08
   5.8905961E-08
   5.8377690E-08
   5.7849412E-08
   5.7321138E-08
   5.6792864E-08
   5.6264589E-08
   5.5736315E-08
   5.5208041E-08
   5.4679766E-08
   5.4151492E-08
   5.3623218E-08
   5.3094944E-08
   5.2566669E-08
   5.2038395E-08
   5.1510121E-08
   5.0981846E-08
   5.0453572E-08
   4.9925298E-08
   4.9397023E-08
