   7.0282880E-08
   7.1631163E-08
   7.2979446E-08
   7.4327730E-08
   7.5676013E-08
   7.7024296E-08
   7.8372580E-08
   7.9720863E-08
   8.1069146E-08
   8.2417429E-08
   8.3765713E-08
   8.5113996E-08
   8.6462279E-08
   8.7810555E-08
   8.9158846E-08
   9.0507122E-08
   9.1855405E-08
   9.3203688E-08
   9.4551972E-08
   9.5900255E-08
   9.7248538E-08
   9.8596821E-08
   9.9945105E-08
   1.0129339E-07
   1.0264167E-07
   1.0398995E-07
   1.0533824E-07
   1.0668652E-07
   1.0803480E-07
   1.0938309E-07
   1.0985753E-07
   1.0945814E-07
   1.0905874E-07
   1.0865935E-07
   1.0825995E-07
   1.0786056E-07
   1.0746117E-07
   1.0706177E-07
   1.0666238E-07
   1.0626299E-07
   1.0586359E-07
   1.0546420E-07
   1.0506481E-07
   1.0466541E-07
   1.0426601E-07
   1.0386663E-07
   1.0346723E-07
   1.0306783E-07
   1.0266844E-07
   1.0226905E-07
   1.0186965E-07
   1.0147026E-07
   1.0107087E-07
   1.0067147E-07
   1.0027208E-07
   9.9872679E-08
   9.9473290E-08
   9.9073894E-08
   9.8674498E-08
   9.8275109E-08
   9.7875713E-08
   9.7026266E-08
   9.6176819E-08
   9.5327373E-08
   9.4477926E-08
   9.3628486E-08
   9.2779032E-08
   9.1929586E-08
   9.1080139E-08
   9.0230699E-08
   8.9381246E-08
   8.8531799E-08
   8.7682352E-08
   8.6832912E-08
   8.5983466E-08
   8.5134012E-08
   8.4284572E-08
   8.3435118E-08
   8.2585679E-08
   8.1736232E-08
   8.0886785E-08
   8.0037339E-08
   7.9187892E-08
   7.8338445E-08
   7.7488998E-08
   7.6639552E-08
   7.5790105E-08
   7.4940658E-08
   7.4091211E-08
   7.3241765E-08
   7.2392318E-08
   7.1542871E-08
   7.1028701E-08
   7.0514531E-08
   7.0000354E-08
   6.9486191E-08
   6.8972014E-08
   6.8457844E-08
   6.7943674E-08
   6.7429504E-08
   6.6915327E-08
   6.6401164E-08
   6.5886987E-08
   6.5372816E-08
   6.4858646E-08
   6.4344469E-08
   6.3830299E-08
   6.3316129E-08
   6.2801959E-08
   6.2287789E-08
   6.1773619E-08
   6.1259442E-08
   6.0745272E-08
   6.0231102E-08
   5.9716932E-08
   5.9202758E-08
   5.8688588E-08
   5.8174418E-08
   5.7660245E-08
   5.7146075E-08
   5.6631904E-08
   5.6117731E-08
