   6.0649384E-08
   6.2021897E-08
   6.3394403E-08
   6.4766915E-08
   6.6139428E-08
   6.7511934E-08
   6.8884447E-08
   7.0256959E-08
   7.1629465E-08
   7.3001978E-08
   7.4374491E-08
   7.5747003E-08
   7.7119509E-08
   7.8492022E-08
   7.9864535E-08
   8.1237040E-08
   8.2609553E-08
   8.3982066E-08
   8.5354571E-08
   8.6727084E-08
   8.8099597E-08
   8.9472103E-08
   9.0844615E-08
   9.2217128E-08
   9.3589634E-08
   9.4962147E-08
   9.6334659E-08
   9.7707172E-08
   9.9079678E-08
   1.0045219E-07
   1.0088873E-07
   1.0038929E-07
   9.9889860E-08
   9.9390427E-08
   9.8890993E-08
   9.8391553E-08
   9.7892119E-08
   9.7392686E-08
   9.6893245E-08
   9.6393819E-08
   9.5894379E-08
   9.5394945E-08
   9.4895512E-08
   9.4396079E-08
   9.3896638E-08
   9.3397205E-08
   9.2897771E-08
   9.2398338E-08
   9.1898904E-08
   9.1399464E-08
   9.0900031E-08
   9.0400597E-08
   8.9901164E-08
   8.9401730E-08
   8.8902290E-08
   8.8402857E-08
   8.7903423E-08
   8.7403990E-08
   8.6904549E-08
   8.6405116E-08
   8.5905683E-08
   8.4957897E-08
   8.4010111E-08
   8.3062318E-08
   8.2114532E-08
   8.1166746E-08
   8.0218960E-08
   7.9271167E-08
   7.8323382E-08
   7.7375596E-08
   7.6427810E-08
   7.5480017E-08
   7.4532231E-08
   7.3584445E-08
   7.2636659E-08
   7.1688866E-08
   7.0741081E-08
   6.9793295E-08
   6.8845509E-08
   6.7897723E-08
   6.6949937E-08
   6.6002144E-08
   6.5054358E-08
   6.4106572E-08
   6.3158787E-08
   6.2210994E-08
   6.1263208E-08
   6.0315422E-08
   5.9367636E-08
   5.8419847E-08
   5.7472061E-08
   5.6524271E-08
   5.6058571E-08
   5.5592871E-08
   5.5127170E-08
   5.4661474E-08
   5.4195770E-08
   5.3730069E-08
   5.3264372E-08
   5.2798669E-08
   5.2332968E-08
   5.1867271E-08
   5.1401567E-08
   5.0935867E-08
   5.0470170E-08
   5.0004466E-08
   4.9538766E-08
   4.9073066E-08
   4.8607365E-08
   4.8141665E-08
   4.7675965E-08
   4.7210264E-08
   4.6744564E-08
   4.6278863E-08
   4.5813163E-08
   4.5347463E-08
   4.4881766E-08
   4.4416062E-08
   4.3950362E-08
   4.3484665E-08
   4.3018961E-08
   4.2553260E-08
