   6.3211495E-08
   6.4747361E-08
   6.6283228E-08
   6.7819087E-08
   6.9354954E-08
   7.0890813E-08
   7.2426680E-08
   7.3962539E-08
   7.5498406E-08
   7.7034272E-08
   7.8570132E-08
   8.0105998E-08
   8.1641858E-08
   8.3177724E-08
   8.4713584E-08
   8.6249443E-08
   8.7785310E-08
   8.9321176E-08
   9.0857036E-08
   9.2392902E-08
   9.3928762E-08
   9.5464628E-08
   9.7000488E-08
   9.8536354E-08
   1.0007221E-07
   1.0160808E-07
   1.0314395E-07
   1.0467981E-07
   1.0621567E-07
   1.0775153E-07
   1.0827980E-07
   1.0780047E-07
   1.0732113E-07
   1.0684180E-07
   1.0636247E-07
   1.0588313E-07
   1.0540381E-07
   1.0492447E-07
   1.0444514E-07
   1.0396580E-07
   1.0348647E-07
   1.0300714E-07
   1.0252781E-07
   1.0204847E-07
   1.0156914E-07
   1.0108981E-07
   1.0061048E-07
   1.0013115E-07
   9.9651814E-08
   9.9172482E-08
   9.8693150E-08
   9.8213818E-08
   9.7734478E-08
   9.7255153E-08
   9.6775814E-08
   9.6296482E-08
   9.5817150E-08
   9.5337818E-08
   9.4858486E-08
   9.4379153E-08
   9.3899821E-08
   9.2918967E-08
   9.1938112E-08
   9.0957251E-08
   8.9976396E-08
   8.8995542E-08
   8.8014687E-08
   8.7033825E-08
   8.6052971E-08
   8.5072124E-08
   8.4091262E-08
   8.3110407E-08
   8.2129553E-08
   8.1148698E-08
   8.0167837E-08
   7.9186982E-08
   7.8206128E-08
   7.7225273E-08
   7.6244419E-08
   7.5263557E-08
   7.4282703E-08
   7.3301848E-08
   7.2320994E-08
   7.1340139E-08
   7.0359278E-08
   6.9378423E-08
   6.8397568E-08
   6.7416714E-08
   6.6435859E-08
   6.5454998E-08
   6.4474143E-08
   6.3493289E-08
   6.2895431E-08
   6.2297573E-08
   6.1699708E-08
   6.1101851E-08
   6.0503993E-08
   5.9906135E-08
   5.9308274E-08
   5.8710413E-08
   5.8112555E-08
   5.7514697E-08
   5.6916836E-08
   5.6318974E-08
   5.5721120E-08
   5.5123259E-08
   5.4525398E-08
   5.3927540E-08
   5.3329678E-08
   5.2731821E-08
   5.2133959E-08
   5.1536102E-08
   5.0938240E-08
   5.0340383E-08
   4.9742521E-08
   4.9144663E-08
   4.8546806E-08
   4.7948944E-08
   4.7351087E-08
   4.6753225E-08
   4.6155368E-08
   4.5557506E-08
