   7.4115050E-08
   7.5622282E-08
   7.7129513E-08
   7.8636745E-08
   8.0143977E-08
   8.1651208E-08
   8.3158440E-08
   8.4665672E-08
   8.6172903E-08
   8.7680142E-08
   8.9187367E-08
   9.0694598E-08
   9.2201837E-08
   9.3709062E-08
   9.5216301E-08
   9.6723525E-08
   9.8230764E-08
   9.9737996E-08
   1.0124522E-07
   1.0275246E-07
   1.0425969E-07
   1.0576692E-07
   1.0727415E-07
   1.0878139E-07
   1.1028862E-07
   1.1179585E-07
   1.1330308E-07
   1.1481031E-07
   1.1631754E-07
   1.1782478E-07
   1.1821408E-07
   1.1748546E-07
   1.1675683E-07
   1.1602821E-07
   1.1529958E-07
   1.1457096E-07
   1.1384234E-07
   1.1311371E-07
   1.1238509E-07
   1.1165647E-07
   1.1092784E-07
   1.1019922E-07
   1.0947059E-07
   1.0874197E-07
   1.0801335E-07
   1.0728472E-07
   1.0655610E-07
   1.0582747E-07
   1.0509885E-07
   1.0437023E-07
   1.0364160E-07
   1.0291298E-07
   1.0218435E-07
   1.0145573E-07
   1.0072711E-07
   9.9998481E-08
   9.9269862E-08
   9.8541236E-08
   9.7812610E-08
   9.7083991E-08
   9.6355365E-08
   9.5482584E-08
   9.4609796E-08
   9.3737007E-08
   9.2864219E-08
   9.1991438E-08
   9.1118650E-08
   9.0245862E-08
   8.9373081E-08
   8.8500293E-08
   8.7627505E-08
   8.6754717E-08
   8.5881936E-08
   8.5009155E-08
   8.4136367E-08
   8.3263572E-08
   8.2390791E-08
   8.1518003E-08
   8.0645222E-08
   7.9772434E-08
   7.8899653E-08
   7.8026865E-08
   7.7154077E-08
   7.6281289E-08
   7.5408508E-08
   7.4535720E-08
   7.3662932E-08
   7.2790151E-08
   7.1917363E-08
   7.1044575E-08
   7.0171794E-08
   6.9299006E-08
   6.8875444E-08
   6.8451882E-08
   6.8028314E-08
   6.7604752E-08
   6.7181190E-08
   6.6757629E-08
   6.6334067E-08
   6.5910498E-08
   6.5486937E-08
   6.5063375E-08
   6.4639806E-08
   6.4216245E-08
   6.3792683E-08
   6.3369122E-08
   6.2945553E-08
   6.2521991E-08
   6.2098430E-08
   6.1674868E-08
   6.1251299E-08
   6.0827738E-08
   6.0404176E-08
   5.9980614E-08
   5.9557049E-08
   5.9133484E-08
   5.8709922E-08
   5.8286357E-08
   5.7862795E-08
   5.7439230E-08
   5.7015669E-08
   5.6592103E-08
