   7.6464936E-08
   7.7615347E-08
   7.8765751E-08
   7.9916163E-08
   8.1066567E-08
   8.2216971E-08
   8.3367382E-08
   8.4517787E-08
   8.5668191E-08
   8.6818602E-08
   8.7969006E-08
   8.9119418E-08
   9.0269822E-08
   9.1420226E-08
   9.2570637E-08
   9.3721042E-08
   9.4871446E-08
   9.6021857E-08
   9.7172261E-08
   9.8322673E-08
   9.9473077E-08
   1.0062348E-07
   1.0177389E-07
   1.0292430E-07
   1.0407470E-07
   1.0522511E-07
   1.0637552E-07
   1.0752592E-07
   1.0867633E-07
   1.0982674E-07
   1.1009460E-07
   1.0947992E-07
   1.0886524E-07
   1.0825055E-07
   1.0763587E-07
   1.0702119E-07
   1.0640651E-07
   1.0579183E-07
   1.0517714E-07
   1.0456246E-07
   1.0394778E-07
   1.0333309E-07
   1.0271842E-07
   1.0210373E-07
   1.0148905E-07
   1.0087437E-07
   1.0025968E-07
   9.9645007E-08
   9.9030323E-08
   9.8415640E-08
   9.7800957E-08
   9.7186273E-08
   9.6571597E-08
   9.5956914E-08
   9.5342230E-08
   9.4727547E-08
   9.4112863E-08
   9.3498180E-08
   9.2883504E-08
   9.2268820E-08
   9.1654137E-08
   9.0789399E-08
   8.9924654E-08
   8.9059910E-08
   8.8195165E-08
   8.7330427E-08
   8.6465683E-08
   8.5600938E-08
   8.4736200E-08
   8.3871463E-08
   8.3006718E-08
   8.2141973E-08
   8.1277229E-08
   8.0412491E-08
   7.9547746E-08
   7.8683001E-08
   7.7818264E-08
   7.6953519E-08
   7.6088774E-08
   7.5224037E-08
   7.4359292E-08
   7.3494547E-08
   7.2629810E-08
   7.1765065E-08
   7.0900327E-08
   7.0035583E-08
   6.9170838E-08
   6.8306100E-08
   6.7441356E-08
   6.6576611E-08
   6.5711873E-08
   6.4847129E-08
   6.4356961E-08
   6.3866800E-08
   6.3376632E-08
   6.2886471E-08
   6.2396310E-08
   6.1906142E-08
   6.1415982E-08
   6.0925814E-08
   6.0435646E-08
   5.9945485E-08
   5.9455321E-08
   5.8965153E-08
   5.8474992E-08
   5.7984824E-08
   5.7494660E-08
   5.7004495E-08
   5.6514331E-08
   5.6024167E-08
   5.5534002E-08
   5.5043838E-08
   5.4553674E-08
   5.4063509E-08
   5.3573345E-08
   5.3083181E-08
   5.2593016E-08
   5.2102852E-08
   5.1612687E-08
   5.1122523E-08
   5.0632359E-08
   5.0142191E-08
