   6.5794609E-08
   6.7129378E-08
   6.8464139E-08
   6.9798901E-08
   7.1133670E-08
   7.2468431E-08
   7.3803193E-08
   7.5137955E-08
   7.6472723E-08
   7.7807485E-08
   7.9142247E-08
   8.0477015E-08
   8.1811777E-08
   8.3146539E-08
   8.4481307E-08
   8.5816069E-08
   8.7150831E-08
   8.8485599E-08
   8.9820361E-08
   9.1155123E-08
   9.2489891E-08
   9.3824653E-08
   9.5159415E-08
   9.6494183E-08
   9.7828945E-08
   9.9163707E-08
   1.0049848E-07
   1.0183324E-07
   1.0316800E-07
   1.0450276E-07
   1.0484780E-07
   1.0420310E-07
   1.0355841E-07
   1.0291371E-07
   1.0226901E-07
   1.0162432E-07
   1.0097963E-07
   1.0033493E-07
   9.9690226E-08
   9.9045536E-08
   9.8400839E-08
   9.7756143E-08
   9.7111446E-08
   9.6466749E-08
   9.5822053E-08
   9.5177363E-08
   9.4532666E-08
   9.3887969E-08
   9.3243273E-08
   9.2598576E-08
   9.1953886E-08
   9.1309190E-08
   9.0664493E-08
   9.0019796E-08
   8.9375099E-08
   8.8730403E-08
   8.8085706E-08
   8.7441016E-08
   8.6796319E-08
   8.6151623E-08
   8.5506926E-08
   8.4630877E-08
   8.3754820E-08
   8.2878763E-08
   8.2002714E-08
   8.1126664E-08
   8.0250608E-08
   7.9374551E-08
   7.8498502E-08
   7.7622445E-08
   7.6746396E-08
   7.5870339E-08
   7.4994283E-08
   7.4118233E-08
   7.3242177E-08
   7.2366120E-08
   7.1490071E-08
   7.0614021E-08
   6.9737965E-08
   6.8861915E-08
   6.7985859E-08
   6.7109802E-08
   6.6233753E-08
   6.5357696E-08
   6.4481647E-08
   6.3605590E-08
   6.2729541E-08
   6.1853484E-08
   6.0977435E-08
   6.0101378E-08
   5.9225325E-08
   5.8349272E-08
   5.7938887E-08
   5.7528506E-08
   5.7118122E-08
   5.6707741E-08
   5.6297356E-08
   5.5886971E-08
   5.5476590E-08
   5.5066206E-08
   5.4655825E-08
   5.4245444E-08
   5.3835059E-08
   5.3424674E-08
   5.3014293E-08
   5.2603909E-08
   5.2193524E-08
   5.1783143E-08
   5.1372758E-08
   5.0962374E-08
   5.0551993E-08
   5.0141608E-08
   4.9731227E-08
   4.9320843E-08
   4.8910458E-08
   4.8500077E-08
   4.8089692E-08
   4.7679311E-08
   4.7268927E-08
   4.6858545E-08
   4.6448161E-08
   4.6037776E-08
