   6.3127231E-08
   6.4528045E-08
   6.5928859E-08
   6.7329680E-08
   6.8730493E-08
   7.0131307E-08
   7.1532121E-08
   7.2932934E-08
   7.4333748E-08
   7.5734569E-08
   7.7135383E-08
   7.8536196E-08
   7.9937010E-08
   8.1337824E-08
   8.2738637E-08
   8.4139451E-08
   8.5540265E-08
   8.6941085E-08
   8.8341899E-08
   8.9742713E-08
   9.1143527E-08
   9.2544340E-08
   9.3945154E-08
   9.5345975E-08
   9.6746788E-08
   9.8147602E-08
   9.9548416E-08
   1.0094923E-07
   1.0235004E-07
   1.0375086E-07
   1.0435014E-07
   1.0414787E-07
   1.0394561E-07
   1.0374335E-07
   1.0354108E-07
   1.0333881E-07
   1.0313656E-07
   1.0293429E-07
   1.0273202E-07
   1.0252976E-07
   1.0232750E-07
   1.0212523E-07
   1.0192297E-07
   1.0172071E-07
   1.0151845E-07
   1.0131618E-07
   1.0111392E-07
   1.0091166E-07
   1.0070939E-07
   1.0050713E-07
   1.0030487E-07
   1.0010260E-07
   9.9900340E-08
   9.9698070E-08
   9.9495807E-08
   9.9293544E-08
   9.9091281E-08
   9.8889018E-08
   9.8686755E-08
   9.8484492E-08
   9.8282229E-08
   9.7448172E-08
   9.6614116E-08
   9.5780059E-08
   9.4946003E-08
   9.4111954E-08
   9.3277890E-08
   9.2443834E-08
   9.1609785E-08
   9.0775728E-08
   8.9941672E-08
   8.9107608E-08
   8.8273559E-08
   8.7439503E-08
   8.6605446E-08
   8.5771390E-08
   8.4937334E-08
   8.4103277E-08
   8.3269221E-08
   8.2435164E-08
   8.1601108E-08
   8.0767052E-08
   7.9932995E-08
   7.9098939E-08
   7.8264890E-08
   7.7430833E-08
   7.6596777E-08
   7.5762721E-08
   7.4928664E-08
   7.4094608E-08
   7.3260551E-08
   7.2426495E-08
   7.1947873E-08
   7.1469259E-08
   7.0990637E-08
   7.0512023E-08
   7.0033401E-08
   6.9554780E-08
   6.9076165E-08
   6.8597544E-08
   6.8118922E-08
   6.7640308E-08
   6.7161686E-08
   6.6683064E-08
   6.6204450E-08
   6.5725828E-08
   6.5247207E-08
   6.4768592E-08
   6.4289971E-08
   6.3811349E-08
   6.3332735E-08
   6.2854113E-08
   6.2375499E-08
   6.1896877E-08
   6.1418255E-08
   6.0939641E-08
   6.0461019E-08
   5.9982398E-08
   5.9503780E-08
   5.9025162E-08
   5.8546544E-08
   5.8067926E-08
