   6.5557423E-08
   6.7206678E-08
   6.8855933E-08
   7.0505187E-08
   7.2154435E-08
   7.3803690E-08
   7.5452945E-08
   7.7102200E-08
   7.8751455E-08
   8.0400710E-08
   8.2049958E-08
   8.3699213E-08
   8.5348475E-08
   8.6997723E-08
   8.8646978E-08
   9.0296233E-08
   9.1945488E-08
   9.3594743E-08
   9.5243990E-08
   9.6893245E-08
   9.8542500E-08
   1.0019176E-07
   1.0184101E-07
   1.0349027E-07
   1.0513952E-07
   1.0678878E-07
   1.0843803E-07
   1.1008728E-07
   1.1173653E-07
   1.1338579E-07
   1.1400556E-07
   1.1359585E-07
   1.1318613E-07
   1.1277643E-07
   1.1236671E-07
   1.1195700E-07
   1.1154729E-07
   1.1113757E-07
   1.1072786E-07
   1.1031815E-07
   1.0990844E-07
   1.0949873E-07
   1.0908902E-07
   1.0867931E-07
   1.0826959E-07
   1.0785988E-07
   1.0745017E-07
   1.0704046E-07
   1.0663075E-07
   1.0622104E-07
   1.0581132E-07
   1.0540161E-07
   1.0499190E-07
   1.0458219E-07
   1.0417248E-07
   1.0376277E-07
   1.0335305E-07
   1.0294334E-07
   1.0253363E-07
   1.0212392E-07
   1.0171421E-07
   1.0072616E-07
   9.9738102E-08
   9.8750050E-08
   9.7762005E-08
   9.6773952E-08
   9.5785900E-08
   9.4797848E-08
   9.3809803E-08
   9.2821750E-08
   9.1833698E-08
   9.0845646E-08
   8.9857593E-08
   8.8869548E-08
   8.7881496E-08
   8.6893444E-08
   8.5905391E-08
   8.4917339E-08
   8.3929294E-08
   8.2941241E-08
   8.1953189E-08
   8.0965137E-08
   7.9977085E-08
   7.8989032E-08
   7.8000987E-08
   7.7012935E-08
   7.6024882E-08
   7.5036830E-08
   7.4048785E-08
   7.3060733E-08
   7.2072680E-08
   7.1084628E-08
   7.0514687E-08
   6.9944747E-08
   6.9374806E-08
   6.8804866E-08
   6.8234925E-08
   6.7664985E-08
   6.7095044E-08
   6.6525104E-08
   6.5955163E-08
   6.5385223E-08
   6.4815282E-08
   6.4245341E-08
   6.3675408E-08
   6.3105460E-08
   6.2535520E-08
   6.1965579E-08
   6.1395639E-08
   6.0825698E-08
   6.0255758E-08
   5.9685817E-08
   5.9115880E-08
   5.8545940E-08
   5.7975999E-08
   5.7406059E-08
   5.6836118E-08
   5.6266177E-08
   5.5696237E-08
   5.5126296E-08
   5.4556356E-08
   5.3986415E-08
