   5.7617857E-08
   5.8673830E-08
   5.9729800E-08
   6.0785780E-08
   6.1841746E-08
   6.2897719E-08
   6.3953692E-08
   6.5009665E-08
   6.6065638E-08
   6.7121611E-08
   6.8177584E-08
   6.9233558E-08
   7.0289531E-08
   7.1345504E-08
   7.2401477E-08
   7.3457450E-08
   7.4513423E-08
   7.5569396E-08
   7.6625369E-08
   7.7681342E-08
   7.8737315E-08
   7.9793288E-08
   8.0849262E-08
   8.1905235E-08
   8.2961208E-08
   8.4017181E-08
   8.5073154E-08
   8.6129120E-08
   8.7185100E-08
   8.8241073E-08
   8.8572513E-08
   8.8179412E-08
   8.7786319E-08
   8.7393225E-08
   8.7000132E-08
   8.6607038E-08
   8.6213944E-08
   8.5820851E-08
   8.5427750E-08
   8.5034657E-08
   8.4641563E-08
   8.4248470E-08
   8.3855376E-08
   8.3462282E-08
   8.3069182E-08
   8.2676095E-08
   8.2283002E-08
   8.1889908E-08
   8.1496808E-08
   8.1103714E-08
   8.0710620E-08
   8.0317527E-08
   7.9924433E-08
   7.9531340E-08
   7.9138246E-08
   7.8745153E-08
   7.8352052E-08
   7.7958958E-08
   7.7565865E-08
   7.7172771E-08
   7.6779678E-08
   7.5934288E-08
   7.5088892E-08
   7.4243495E-08
   7.3398105E-08
   7.2552709E-08
   7.1707312E-08
   7.0861915E-08
   7.0016526E-08
   6.9171136E-08
   6.8325740E-08
   6.7480343E-08
   6.6634954E-08
   6.5789557E-08
   6.4944160E-08
   6.4098771E-08
   6.3253374E-08
   6.2407985E-08
   6.1562588E-08
   6.0717191E-08
   5.9871802E-08
   5.9026405E-08
   5.8181012E-08
   5.7335619E-08
   5.6490226E-08
   5.5644829E-08
   5.4799436E-08
   5.3954043E-08
   5.3108650E-08
   5.2263253E-08
   5.1417860E-08
   5.0572467E-08
   5.0015117E-08
   4.9457768E-08
   4.8900418E-08
   4.8343068E-08
   4.7785718E-08
   4.7228369E-08
   4.6671019E-08
   4.6113669E-08
   4.5556316E-08
   4.4998970E-08
   4.4441617E-08
   4.3884267E-08
   4.3326921E-08
   4.2769567E-08
   4.2212218E-08
   4.1654868E-08
   4.1097518E-08
   4.0540169E-08
   3.9982819E-08
   3.9425469E-08
   3.8868119E-08
   3.8310770E-08
   3.7753420E-08
   3.7196067E-08
   3.6638717E-08
   3.6081367E-08
   3.5524018E-08
   3.4966668E-08
   3.4409318E-08
   3.3851968E-08
