   6.8169051E-08
   6.9398389E-08
   7.0627728E-08
   7.1857066E-08
   7.3086397E-08
   7.4315729E-08
   7.5545067E-08
   7.6774405E-08
   7.8003737E-08
   7.9233075E-08
   8.0462407E-08
   8.1691745E-08
   8.2921083E-08
   8.4150415E-08
   8.5379753E-08
   8.6609084E-08
   8.7838423E-08
   8.9067754E-08
   9.0297092E-08
   9.1526424E-08
   9.2755762E-08
   9.3985093E-08
   9.5214432E-08
   9.6443770E-08
   9.7673102E-08
   9.8902440E-08
   1.0013178E-07
   1.0136111E-07
   1.0259045E-07
   1.0381978E-07
   1.0410798E-07
   1.0345504E-07
   1.0280211E-07
   1.0214918E-07
   1.0149624E-07
   1.0084330E-07
   1.0019038E-07
   9.9537438E-08
   9.8884499E-08
   9.8231567E-08
   9.7578635E-08
   9.6925696E-08
   9.6272764E-08
   9.5619832E-08
   9.4966893E-08
   9.4313961E-08
   9.3661022E-08
   9.3008090E-08
   9.2355158E-08
   9.1702219E-08
   9.1049287E-08
   9.0396355E-08
   8.9743416E-08
   8.9090484E-08
   8.8437545E-08
   8.7784613E-08
   8.7131681E-08
   8.6478742E-08
   8.5825810E-08
   8.5172871E-08
   8.4519939E-08
   8.3711477E-08
   8.2903007E-08
   8.2094537E-08
   8.1286075E-08
   8.0477612E-08
   7.9669142E-08
   7.8860673E-08
   7.8052210E-08
   7.7243740E-08
   7.6435271E-08
   7.5626801E-08
   7.4818338E-08
   7.4009876E-08
   7.3201406E-08
   7.2392936E-08
   7.1584473E-08
   7.0776004E-08
   6.9967541E-08
   6.9159071E-08
   6.8350609E-08
   6.7542139E-08
   6.6733676E-08
   6.5925207E-08
   6.5116744E-08
   6.4308274E-08
   6.3499805E-08
   6.2691342E-08
   6.1882872E-08
   6.1074410E-08
   6.0265940E-08
   5.9457474E-08
   5.9041003E-08
   5.8624540E-08
   5.8208073E-08
   5.7791606E-08
   5.7375139E-08
   5.6958669E-08
   5.6542202E-08
   5.6125735E-08
   5.5709268E-08
   5.5292801E-08
   5.4876331E-08
   5.4459864E-08
   5.4043401E-08
   5.3626930E-08
   5.3210464E-08
   5.2793997E-08
   5.2377530E-08
   5.1961059E-08
   5.1544593E-08
   5.1128126E-08
   5.0711659E-08
   5.0295192E-08
   4.9878725E-08
   4.9462255E-08
   4.9045788E-08
   4.8629321E-08
   4.8212854E-08
   4.7796387E-08
   4.7379920E-08
   4.6963454E-08
