   6.5794609E-08
   6.7129378E-08
   6.8464139E-08
   6.9798901E-08
   7.1133670E-08
   7.2468431E-08
   7.3803193E-08
   7.5137955E-08
   7.6472723E-08
   7.7807485E-08
   7.9142247E-08
   8.0477015E-08
   8.1811777E-08
   8.3146539E-08
   8.4481307E-08
   8.5816069E-08
   8.7150831E-08
   8.8485599E-08
   8.9820361E-08
   9.1155123E-08
   9.2489891E-08
   9.3824653E-08
   9.5159415E-08
   9.6494183E-08
   9.7828945E-08
   9.9163707E-08
   1.0049848E-07
   1.0183324E-07
   1.0316800E-07
   1.0450276E-07
   1.0484780E-07
   1.0420310E-07
   1.0355841E-07
   1.0291371E-07
   1.0226901E-07
   1.0162432E-07
   1.0097963E-07
   1.0033493E-07
   9.9690226E-08
   9.9045536E-08
   9.8400839E-08
   9.7756143E-08
   9.7111446E-08
   9.6466749E-08
   9.5822053E-08
   9.5177363E-08
   9.4532666E-08
   9.3887969E-08
   9.3243273E-08
   9.2598576E-08
   9.1953886E-08
   9.1309190E-08
   9.0664493E-08
   9.0019796E-08
   8.9375099E-08
   8.8730403E-08
   8.8085706E-08
   8.7441016E-08
   8.6796319E-08
   8.6151623E-08
   8.5506926E-08
   8.4630877E-08
   8.3754820E-08
   8.2878763E-08
   8.2002714E-08
   8.1126664E-08
   8.0250608E-08
   7.9374551E-08
   7.8498502E-08
   7.7622445E-08
   7.6746396E-08
   7.5870339E-08
   7.4994283E-08
   7.4118233E-08
   7.3242177E-08
   7.2366120E-08
   7.1490071E-08
   7.0614021E-08
   6.9737965E-08
   6.8861915E-08
   6.7985859E-08
   6.7109802E-08
   6.6233753E-08
   6.5357696E-08
   6.4481647E-08
   6.3605590E-08
   6.2729541E-08
   6.1853484E-08
   6.0977435E-08
   6.0101378E-08
   5.9225325E-08
   5.8349272E-08
   5.7938887E-08
   5.7528506E-08
   5.7118122E-08
   5.6707741E-08
   5.6297356E-08
   5.5886971E-08
   5.5476590E-08
   5.5066206E-08
   5.4655825E-08
   5.4245444E-08
   5.3835059E-08
   5.3424674E-08
   5.3014293E-08
   5.2603909E-08
   5.2193524E-08
   5.1783143E-08
   5.1372758E-08
   5.0962374E-08
   5.0551993E-08
   5.0141608E-08
   4.9731227E-08
   4.9320843E-08
   4.8910458E-08
   4.8500077E-08
   4.8089692E-08
   4.7679311E-08
   4.7268927E-08
   4.6858545E-08
   4.6448161E-08
   4.6037776E-08
   5.1860741E-08
   5.3450329E-08
   5.5039912E-08
   5.6629496E-08
   5.8219079E-08
   5.9808663E-08
   6.1398246E-08
   6.2987830E-08
   6.4577421E-08
   6.6167004E-08
   6.7756588E-08
   6.9346171E-08
   7.0935755E-08
   7.2525339E-08
   7.4114922E-08
   7.5704506E-08
   7.7294089E-08
   7.8883680E-08
   8.0473257E-08
   8.2062847E-08
   8.3652431E-08
   8.5242014E-08
   8.6831598E-08
   8.8421181E-08
   9.0010765E-08
   9.1600349E-08
   9.3189939E-08
   9.4779523E-08
   9.6369106E-08
   9.7958690E-08
   9.8665019E-08
   9.8488087E-08
   9.8311162E-08
   9.8134237E-08
   9.7957304E-08
   9.7780379E-08
   9.7603454E-08
   9.7426522E-08
   9.7249597E-08
   9.7072672E-08
   9.6895739E-08
   9.6718807E-08
   9.6541889E-08
   9.6364957E-08
   9.6188025E-08
   9.6011100E-08
   9.5834174E-08
   9.5657249E-08
   9.5480317E-08
   9.5303392E-08
   9.5126467E-08
   9.4949534E-08
   9.4772609E-08
   9.4595684E-08
   9.4418752E-08
   9.4241827E-08
   9.4064895E-08
   9.3887969E-08
   9.3711044E-08
   9.3534112E-08
   9.3357187E-08
   9.2292773E-08
   9.1228358E-08
   9.0163937E-08
   8.9099530E-08
   8.8035115E-08
   8.6970694E-08
   8.5906279E-08
   8.4841865E-08
   8.3777458E-08
   8.2713036E-08
   8.1648622E-08
   8.0584208E-08
   7.9519793E-08
   7.8455379E-08
   7.7390958E-08
   7.6326550E-08
   7.5262129E-08
   7.4197715E-08
   7.3133300E-08
   7.2068886E-08
   7.1004472E-08
   6.9940057E-08
   6.8875643E-08
   6.7811229E-08
   6.6746814E-08
   6.5682400E-08
   6.4617979E-08
   6.3553564E-08
   6.2489150E-08
   6.1424736E-08
   6.0360321E-08
   5.9865634E-08
   5.9370954E-08
   5.8876267E-08
   5.8381584E-08
   5.7886897E-08
   5.7392214E-08
   5.6897530E-08
   5.6402843E-08
   5.5908160E-08
   5.5413476E-08
   5.4918790E-08
   5.4424103E-08
   5.3929423E-08
   5.3434736E-08
   5.2940049E-08
   5.2445365E-08
   5.1950682E-08
   5.1455995E-08
   5.0961312E-08
   5.0466625E-08
   4.9971941E-08
   4.9477258E-08
   4.8982571E-08
   4.8487887E-08
   4.7993204E-08
   4.7498517E-08
   4.7003834E-08
   4.6509150E-08
   4.6014463E-08
   4.5519780E-08
   7.6464936E-08
   7.7615347E-08
   7.8765751E-08
   7.9916163E-08
   8.1066567E-08
   8.2216971E-08
   8.3367382E-08
   8.4517787E-08
   8.5668191E-08
   8.6818602E-08
   8.7969006E-08
   8.9119418E-08
   9.0269822E-08
   9.1420226E-08
   9.2570637E-08
   9.3721042E-08
   9.4871446E-08
   9.6021857E-08
   9.7172261E-08
   9.8322673E-08
   9.9473077E-08
   1.0062348E-07
   1.0177389E-07
   1.0292430E-07
   1.0407470E-07
   1.0522511E-07
   1.0637552E-07
   1.0752592E-07
   1.0867633E-07
   1.0982674E-07
   1.1009460E-07
   1.0947992E-07
   1.0886524E-07
   1.0825055E-07
   1.0763587E-07
   1.0702119E-07
   1.0640651E-07
   1.0579183E-07
   1.0517714E-07
   1.0456246E-07
   1.0394778E-07
   1.0333309E-07
   1.0271842E-07
   1.0210373E-07
   1.0148905E-07
   1.0087437E-07
   1.0025968E-07
   9.9645007E-08
   9.9030323E-08
   9.8415640E-08
   9.7800957E-08
   9.7186273E-08
   9.6571597E-08
   9.5956914E-08
   9.5342230E-08
   9.4727547E-08
   9.4112863E-08
   9.3498180E-08
   9.2883504E-08
   9.2268820E-08
   9.1654137E-08
   9.0789399E-08
   8.9924654E-08
   8.9059910E-08
   8.8195165E-08
   8.7330427E-08
   8.6465683E-08
   8.5600938E-08
   8.4736200E-08
   8.3871463E-08
   8.3006718E-08
   8.2141973E-08
   8.1277229E-08
   8.0412491E-08
   7.9547746E-08
   7.8683001E-08
   7.7818264E-08
   7.6953519E-08
   7.6088774E-08
   7.5224037E-08
   7.4359292E-08
   7.3494547E-08
   7.2629810E-08
   7.1765065E-08
   7.0900327E-08
   7.0035583E-08
   6.9170838E-08
   6.8306100E-08
   6.7441356E-08
   6.6576611E-08
   6.5711873E-08
   6.4847129E-08
   6.4356961E-08
   6.3866800E-08
   6.3376632E-08
   6.2886471E-08
   6.2396310E-08
   6.1906142E-08
   6.1415982E-08
   6.0925814E-08
   6.0435646E-08
   5.9945485E-08
   5.9455321E-08
   5.8965153E-08
   5.8474992E-08
   5.7984824E-08
   5.7494660E-08
   5.7004495E-08
   5.6514331E-08
   5.6024167E-08
   5.5534002E-08
   5.5043838E-08
   5.4553674E-08
   5.4063509E-08
   5.3573345E-08
   5.3083181E-08
   5.2593016E-08
   5.2102852E-08
   5.1612687E-08
   5.1122523E-08
   5.0632359E-08
   5.0142191E-08
   6.7118101E-08
   6.8520791E-08
   6.9923473E-08
   7.1326170E-08
   7.2728852E-08
   7.4131542E-08
   7.5534231E-08
   7.6936914E-08
   7.8339603E-08
   7.9742293E-08
   8.1144982E-08
   8.2547672E-08
   8.3950361E-08
   8.5353044E-08
   8.6755733E-08
   8.8158423E-08
   8.9561112E-08
   9.0963802E-08
   9.2366484E-08
   9.3769174E-08
   9.5171863E-08
   9.6574553E-08
   9.7977242E-08
   9.9379932E-08
   1.0078261E-07
   1.0218530E-07
   1.0358799E-07
   1.0499068E-07
   1.0639337E-07
   1.0779606E-07
   1.0837613E-07
   1.0813356E-07
   1.0789100E-07
   1.0764845E-07
   1.0740589E-07
   1.0716332E-07
   1.0692077E-07
   1.0667821E-07
   1.0643565E-07
   1.0619309E-07
   1.0595053E-07
   1.0570797E-07
   1.0546542E-07
   1.0522285E-07
   1.0498029E-07
   1.0473774E-07
   1.0449518E-07
   1.0425262E-07
   1.0401006E-07
   1.0376750E-07
   1.0352495E-07
   1.0328238E-07
   1.0303982E-07
   1.0279727E-07
   1.0255471E-07
   1.0231215E-07
   1.0206959E-07
   1.0182703E-07
   1.0158447E-07
   1.0134191E-07
   1.0109935E-07
   1.0021803E-07
   9.9336695E-08
   9.8455367E-08
   9.7574038E-08
   9.6692716E-08
   9.5811387E-08
   9.4930051E-08
   9.4048730E-08
   9.3167401E-08
   9.2286072E-08
   9.1404743E-08
   9.0523415E-08
   8.9642093E-08
   8.8760757E-08
   8.7879428E-08
   8.6998106E-08
   8.6116778E-08
   8.5235449E-08
   8.4354120E-08
   8.3472791E-08
   8.2591463E-08
   8.1710134E-08
   8.0828805E-08
   7.9947476E-08
   7.9066147E-08
   7.8184826E-08
   7.7303497E-08
   7.6422168E-08
   7.5540839E-08
   7.4659511E-08
   7.3778182E-08
   7.3187870E-08
   7.2597565E-08
   7.2007253E-08
   7.1416949E-08
   7.0826637E-08
   7.0236325E-08
   6.9646013E-08
   6.9055702E-08
   6.8465397E-08
   6.7875085E-08
   6.7284773E-08
   6.6694469E-08
   6.6104157E-08
   6.5513845E-08
   6.4923533E-08
   6.4333229E-08
   6.3742917E-08
   6.3152605E-08
   6.2562300E-08
   6.1971988E-08
   6.1381677E-08
   6.0791372E-08
   6.0201060E-08
   5.9610748E-08
   5.9020440E-08
   5.8430128E-08
   5.7839820E-08
   5.7249512E-08
   5.6659200E-08
   5.6068892E-08
   6.5536398E-08
   6.6782455E-08
   6.8028505E-08
   6.9274563E-08
   7.0520620E-08
   7.1766678E-08
   7.3012735E-08
   7.4258786E-08
   7.5504843E-08
   7.6750901E-08
   7.7996958E-08
   7.9243009E-08
   8.0489066E-08
   8.1735124E-08
   8.2981181E-08
   8.4227231E-08
   8.5473289E-08
   8.6719346E-08
   8.7965404E-08
   8.9211461E-08
   9.0457519E-08
   9.1703569E-08
   9.2949627E-08
   9.4195684E-08
   9.5441742E-08
   9.6687792E-08
   9.7933849E-08
   9.9179907E-08
   1.0042596E-07
   1.0167202E-07
   1.0196676E-07
   1.0131019E-07
   1.0065362E-07
   9.9997060E-08
   9.9340490E-08
   9.8683913E-08
   9.8027350E-08
   9.7370780E-08
   9.6714210E-08
   9.6057640E-08
   9.5401070E-08
   9.4744500E-08
   9.4087937E-08
   9.3431368E-08
   9.2774791E-08
   9.2118228E-08
   9.1461658E-08
   9.0805088E-08
   9.0148518E-08
   8.9491955E-08
   8.8835385E-08
   8.8178815E-08
   8.7522245E-08
   8.6865676E-08
   8.6209106E-08
   8.5552536E-08
   8.4895973E-08
   8.4239403E-08
   8.3582833E-08
   8.2926263E-08
   8.2269693E-08
   8.1292583E-08
   8.0315473E-08
   7.9338356E-08
   7.8361246E-08
   7.7384144E-08
   7.6407026E-08
   7.5429917E-08
   7.4452807E-08
   7.3475697E-08
   7.2498580E-08
   7.1521470E-08
   7.0544360E-08
   6.9567250E-08
   6.8590140E-08
   6.7613023E-08
   6.6635913E-08
   6.5658803E-08
   6.4681693E-08
   6.3704583E-08
   6.2727473E-08
   6.1750363E-08
   6.0773253E-08
   5.9796136E-08
   5.8819026E-08
   5.7841916E-08
   5.6864806E-08
   5.5887693E-08
   5.4910583E-08
   5.3933473E-08
   5.2956363E-08
   5.1979249E-08
   5.1573334E-08
   5.1167419E-08
   5.0761503E-08
   5.0355588E-08
   4.9949673E-08
   4.9543754E-08
   4.9137842E-08
   4.8731923E-08
   4.8326008E-08
   4.7920096E-08
   4.7514177E-08
   4.7108262E-08
   4.6702347E-08
   4.6296432E-08
   4.5890516E-08
   4.5484601E-08
   4.5078686E-08
   4.4672767E-08
   4.4266855E-08
   4.3860936E-08
   4.3455021E-08
   4.3049106E-08
   4.2643190E-08
   4.2237275E-08
   4.1831360E-08
   4.1425444E-08
   4.1019529E-08
   4.0613614E-08
   4.0207699E-08
   3.9801780E-08
   5.5390675E-08
   5.6824160E-08
   5.8257644E-08
   5.9691125E-08
   6.1124609E-08
   6.2558094E-08
   6.3991578E-08
   6.5425056E-08
   6.6858540E-08
   6.8292024E-08
   6.9725509E-08
   7.1158993E-08
   7.2592478E-08
   7.4025955E-08
   7.5459440E-08
   7.6892924E-08
   7.8326408E-08
   7.9759893E-08
   8.1193370E-08
   8.2626855E-08
   8.4060339E-08
   8.5493824E-08
   8.6927308E-08
   8.8360792E-08
   8.9794270E-08
   9.1227754E-08
   9.2661239E-08
   9.4094723E-08
   9.5528208E-08
   9.6961692E-08
   9.7616137E-08
   9.7491551E-08
   9.7366957E-08
   9.7242378E-08
   9.7117791E-08
   9.6993197E-08
   9.6868618E-08
   9.6744024E-08
   9.6619438E-08
   9.6494851E-08
   9.6370265E-08
   9.6245671E-08
   9.6121092E-08
   9.5996505E-08
   9.5871911E-08
   9.5747325E-08
   9.5622738E-08
   9.5498152E-08
   9.5373565E-08
   9.5248978E-08
   9.5124392E-08
   9.4999805E-08
   9.4875219E-08
   9.4750632E-08
   9.4626046E-08
   9.4501452E-08
   9.4376865E-08
   9.4252279E-08
   9.4127692E-08
   9.4003106E-08
   9.3878519E-08
   9.2954870E-08
   9.2031215E-08
   9.1107552E-08
   9.0183903E-08
   8.9260254E-08
   8.8336598E-08
   8.7412943E-08
   8.6489287E-08
   8.5565638E-08
   8.4641982E-08
   8.3718326E-08
   8.2794678E-08
   8.1871022E-08
   8.0947366E-08
   8.0023710E-08
   7.9100062E-08
   7.8176406E-08
   7.7252750E-08
   7.6329094E-08
   7.5405445E-08
   7.4481790E-08
   7.3558134E-08
   7.2634485E-08
   7.1710829E-08
   7.0787173E-08
   6.9863525E-08
   6.8939869E-08
   6.8016213E-08
   6.7092557E-08
   6.6168909E-08
   6.5245253E-08
   6.4716978E-08
   6.4188704E-08
   6.3660430E-08
   6.3132156E-08
   6.2603881E-08
   6.2075607E-08
   6.1547333E-08
   6.1019058E-08
   6.0490784E-08
   5.9962510E-08
   5.9434235E-08
   5.8905961E-08
   5.8377690E-08
   5.7849412E-08
   5.7321138E-08
   5.6792864E-08
   5.6264589E-08
   5.5736315E-08
   5.5208041E-08
   5.4679766E-08
   5.4151492E-08
   5.3623218E-08
   5.3094944E-08
   5.2566669E-08
   5.2038395E-08
   5.1510121E-08
   5.0981846E-08
   5.0453572E-08
   4.9925298E-08
   4.9397023E-08
   7.9164394E-08
   8.0324270E-08
   8.1484139E-08
   8.2644014E-08
   8.3803883E-08
   8.4963752E-08
   8.6123627E-08
   8.7283496E-08
   8.8443372E-08
   8.9603240E-08
   9.0763109E-08
   9.1922985E-08
   9.3082861E-08
   9.4242729E-08
   9.5402598E-08
   9.6562466E-08
   9.7722342E-08
   9.8882211E-08
   1.0004209E-07
   1.0120196E-07
   1.0236183E-07
   1.0352170E-07
   1.0468157E-07
   1.0584144E-07
   1.0700131E-07
   1.0816119E-07
   1.0932106E-07
   1.1048093E-07
   1.1164080E-07
   1.1280067E-07
   1.1315532E-07
   1.1270475E-07
   1.1225418E-07
   1.1180362E-07
   1.1135305E-07
   1.1090248E-07
   1.1045191E-07
   1.1000134E-07
   1.0955077E-07
   1.0910020E-07
   1.0864963E-07
   1.0819906E-07
   1.0774849E-07
   1.0729792E-07
   1.0684735E-07
   1.0639679E-07
   1.0594622E-07
   1.0549565E-07
   1.0504508E-07
   1.0459451E-07
   1.0414394E-07
   1.0369337E-07
   1.0324280E-07
   1.0279224E-07
   1.0234167E-07
   1.0189110E-07
   1.0144053E-07
   1.0098996E-07
   1.0053939E-07
   1.0008882E-07
   9.9638250E-08
   9.8976194E-08
   9.8314125E-08
   9.7652062E-08
   9.6990007E-08
   9.6327945E-08
   9.5665882E-08
   9.5003820E-08
   9.4341758E-08
   9.3679702E-08
   9.3017633E-08
   9.2355570E-08
   9.1693515E-08
   9.1031453E-08
   9.0369390E-08
   8.9707328E-08
   8.9045265E-08
   8.8383203E-08
   8.7721141E-08
   8.7059078E-08
   8.6397023E-08
   8.5734960E-08
   8.5072898E-08
   8.4410836E-08
   8.3748773E-08
   8.3086711E-08
   8.2424648E-08
   8.1762586E-08
   8.1100531E-08
   8.0438468E-08
   7.9776406E-08
   7.9114344E-08
   7.8713057E-08
   7.8311786E-08
   7.7910499E-08
   7.7509220E-08
   7.7107941E-08
   7.6706655E-08
   7.6305376E-08
   7.5904097E-08
   7.5502811E-08
   7.5101532E-08
   7.4700253E-08
   7.4298967E-08
   7.3897688E-08
   7.3496409E-08
   7.3095123E-08
   7.2693844E-08
   7.2292565E-08
   7.1891279E-08
   7.1490000E-08
   7.1088721E-08
   7.0687435E-08
   7.0286156E-08
   6.9884877E-08
   6.9483590E-08
   6.9082311E-08
   6.8681032E-08
   6.8279753E-08
   6.7878467E-08
   6.7477188E-08
   6.7075909E-08
   7.1659727E-08
   7.2886614E-08
   7.4113501E-08
   7.5340388E-08
   7.6567268E-08
   7.7794155E-08
   7.9021035E-08
   8.0247922E-08
   8.1474802E-08
   8.2701689E-08
   8.3928569E-08
   8.5155456E-08
   8.6382343E-08
   8.7609223E-08
   8.8836110E-08
   9.0062990E-08
   9.1289877E-08
   9.2516764E-08
   9.3743644E-08
   9.4970531E-08
   9.6197411E-08
   9.7424298E-08
   9.8651185E-08
   9.9878065E-08
   1.0110495E-07
   1.0233183E-07
   1.0355872E-07
   1.0478560E-07
   1.0601249E-07
   1.0723937E-07
   1.0757016E-07
   1.0700484E-07
   1.0643953E-07
   1.0587422E-07
   1.0530891E-07
   1.0474359E-07
   1.0417828E-07
   1.0361298E-07
   1.0304766E-07
   1.0248235E-07
   1.0191704E-07
   1.0135172E-07
   1.0078642E-07
   1.0022110E-07
   9.9655786E-08
   9.9090478E-08
   9.8525163E-08
   9.7959855E-08
   9.7394540E-08
   9.6829226E-08
   9.6263918E-08
   9.5698603E-08
   9.5133295E-08
   9.4567980E-08
   9.4002672E-08
   9.3437357E-08
   9.2872043E-08
   9.2306735E-08
   9.1741420E-08
   9.1176112E-08
   9.0610797E-08
   8.9796963E-08
   8.8983121E-08
   8.8169287E-08
   8.7355453E-08
   8.6541618E-08
   8.5727777E-08
   8.4913943E-08
   8.4100108E-08
   8.3286274E-08
   8.2472432E-08
   8.1658598E-08
   8.0844764E-08
   8.0030929E-08
   7.9217088E-08
   7.8403254E-08
   7.7589419E-08
   7.6775585E-08
   7.5961744E-08
   7.5147909E-08
   7.4334075E-08
   7.3520241E-08
   7.2706399E-08
   7.1892565E-08
   7.1078730E-08
   7.0264896E-08
   6.9451055E-08
   6.8637220E-08
   6.7823386E-08
   6.7009552E-08
   6.6195710E-08
   6.5381876E-08
   6.4968539E-08
   6.4555209E-08
   6.4141879E-08
   6.3728550E-08
   6.3315220E-08
   6.2901883E-08
   6.2488553E-08
   6.2075216E-08
   6.1661886E-08
   6.1248556E-08
   6.0835220E-08
   6.0421890E-08
   6.0008560E-08
   5.9595227E-08
   5.9181893E-08
   5.8768563E-08
   5.8355230E-08
   5.7941897E-08
   5.7528567E-08
   5.7115233E-08
   5.6701900E-08
   5.6288570E-08
   5.5875237E-08
   5.5461904E-08
   5.5048574E-08
   5.4635240E-08
   5.4221907E-08
   5.3808577E-08
   5.3395244E-08
   5.2981910E-08
   6.0649384E-08
   6.2021897E-08
   6.3394403E-08
   6.4766915E-08
   6.6139428E-08
   6.7511934E-08
   6.8884447E-08
   7.0256959E-08
   7.1629465E-08
   7.3001978E-08
   7.4374491E-08
   7.5747003E-08
   7.7119509E-08
   7.8492022E-08
   7.9864535E-08
   8.1237040E-08
   8.2609553E-08
   8.3982066E-08
   8.5354571E-08
   8.6727084E-08
   8.8099597E-08
   8.9472103E-08
   9.0844615E-08
   9.2217128E-08
   9.3589634E-08
   9.4962147E-08
   9.6334659E-08
   9.7707172E-08
   9.9079678E-08
   1.0045219E-07
   1.0088873E-07
   1.0038929E-07
   9.9889860E-08
   9.9390427E-08
   9.8890993E-08
   9.8391553E-08
   9.7892119E-08
   9.7392686E-08
   9.6893245E-08
   9.6393819E-08
   9.5894379E-08
   9.5394945E-08
   9.4895512E-08
   9.4396079E-08
   9.3896638E-08
   9.3397205E-08
   9.2897771E-08
   9.2398338E-08
   9.1898904E-08
   9.1399464E-08
   9.0900031E-08
   9.0400597E-08
   8.9901164E-08
   8.9401730E-08
   8.8902290E-08
   8.8402857E-08
   8.7903423E-08
   8.7403990E-08
   8.6904549E-08
   8.6405116E-08
   8.5905683E-08
   8.4957897E-08
   8.4010111E-08
   8.3062318E-08
   8.2114532E-08
   8.1166746E-08
   8.0218960E-08
   7.9271167E-08
   7.8323382E-08
   7.7375596E-08
   7.6427810E-08
   7.5480017E-08
   7.4532231E-08
   7.3584445E-08
   7.2636659E-08
   7.1688866E-08
   7.0741081E-08
   6.9793295E-08
   6.8845509E-08
   6.7897723E-08
   6.6949937E-08
   6.6002144E-08
   6.5054358E-08
   6.4106572E-08
   6.3158787E-08
   6.2210994E-08
   6.1263208E-08
   6.0315422E-08
   5.9367636E-08
   5.8419847E-08
   5.7472061E-08
   5.6524271E-08
   5.6058571E-08
   5.5592871E-08
   5.5127170E-08
   5.4661474E-08
   5.4195770E-08
   5.3730069E-08
   5.3264372E-08
   5.2798669E-08
   5.2332968E-08
   5.1867271E-08
   5.1401567E-08
   5.0935867E-08
   5.0470170E-08
   5.0004466E-08
   4.9538766E-08
   4.9073066E-08
   4.8607365E-08
   4.8141665E-08
   4.7675965E-08
   4.7210264E-08
   4.6744564E-08
   4.6278863E-08
   4.5813163E-08
   4.5347463E-08
   4.4881766E-08
   4.4416062E-08
   4.3950362E-08
   4.3484665E-08
   4.3018961E-08
   4.2553260E-08
   6.8169051E-08
   6.9398389E-08
   7.0627728E-08
   7.1857066E-08
   7.3086397E-08
   7.4315729E-08
   7.5545067E-08
   7.6774405E-08
   7.8003737E-08
   7.9233075E-08
   8.0462407E-08
   8.1691745E-08
   8.2921083E-08
   8.4150415E-08
   8.5379753E-08
   8.6609084E-08
   8.7838423E-08
   8.9067754E-08
   9.0297092E-08
   9.1526424E-08
   9.2755762E-08
   9.3985093E-08
   9.5214432E-08
   9.6443770E-08
   9.7673102E-08
   9.8902440E-08
   1.0013178E-07
   1.0136111E-07
   1.0259045E-07
   1.0381978E-07
   1.0410798E-07
   1.0345504E-07
   1.0280211E-07
   1.0214918E-07
   1.0149624E-07
   1.0084330E-07
   1.0019038E-07
   9.9537438E-08
   9.8884499E-08
   9.8231567E-08
   9.7578635E-08
   9.6925696E-08
   9.6272764E-08
   9.5619832E-08
   9.4966893E-08
   9.4313961E-08
   9.3661022E-08
   9.3008090E-08
   9.2355158E-08
   9.1702219E-08
   9.1049287E-08
   9.0396355E-08
   8.9743416E-08
   8.9090484E-08
   8.8437545E-08
   8.7784613E-08
   8.7131681E-08
   8.6478742E-08
   8.5825810E-08
   8.5172871E-08
   8.4519939E-08
   8.3711477E-08
   8.2903007E-08
   8.2094537E-08
   8.1286075E-08
   8.0477612E-08
   7.9669142E-08
   7.8860673E-08
   7.8052210E-08
   7.7243740E-08
   7.6435271E-08
   7.5626801E-08
   7.4818338E-08
   7.4009876E-08
   7.3201406E-08
   7.2392936E-08
   7.1584473E-08
   7.0776004E-08
   6.9967541E-08
   6.9159071E-08
   6.8350609E-08
   6.7542139E-08
   6.6733676E-08
   6.5925207E-08
   6.5116744E-08
   6.4308274E-08
   6.3499805E-08
   6.2691342E-08
   6.1882872E-08
   6.1074410E-08
   6.0265940E-08
   5.9457474E-08
   5.9041003E-08
   5.8624540E-08
   5.8208073E-08
   5.7791606E-08
   5.7375139E-08
   5.6958669E-08
   5.6542202E-08
   5.6125735E-08
   5.5709268E-08
   5.5292801E-08
   5.4876331E-08
   5.4459864E-08
   5.4043401E-08
   5.3626930E-08
   5.3210464E-08
   5.2793997E-08
   5.2377530E-08
   5.1961059E-08
   5.1544593E-08
   5.1128126E-08
   5.0711659E-08
   5.0295192E-08
   4.9878725E-08
   4.9462255E-08
   4.9045788E-08
   4.8629321E-08
   4.8212854E-08
   4.7796387E-08
   4.7379920E-08
   4.6963454E-08
   5.0885383E-08
   5.2426969E-08
   5.3968556E-08
   5.5510142E-08
   5.7051729E-08
   5.8593312E-08
   6.0134902E-08
   6.1676488E-08
   6.3218074E-08
   6.4759661E-08
   6.6301240E-08
   6.7842826E-08
   6.9384420E-08
   7.0925999E-08
   7.2467586E-08
   7.4009172E-08
   7.5550759E-08
   7.7092345E-08
   7.8633931E-08
   8.0175518E-08
   8.1717104E-08
   8.3258691E-08
   8.4800277E-08
   8.6341863E-08
   8.7883450E-08
   8.9425036E-08
   9.0966623E-08
   9.2508202E-08
   9.4049796E-08
   9.5591382E-08
   9.6285405E-08
   9.6131870E-08
   9.5978336E-08
   9.5824802E-08
   9.5671268E-08
   9.5517734E-08
   9.5364207E-08
   9.5210666E-08
   9.5057132E-08
   9.4903605E-08
   9.4750071E-08
   9.4596530E-08
   9.4443003E-08
   9.4289469E-08
   9.4135935E-08
   9.3982401E-08
   9.3828866E-08
   9.3675332E-08
   9.3521798E-08
   9.3368264E-08
   9.3214730E-08
   9.3061196E-08
   9.2907662E-08
   9.2754135E-08
   9.2600601E-08
   9.2447067E-08
   9.2293533E-08
   9.2139999E-08
   9.1986465E-08
   9.1832931E-08
   9.1679397E-08
   9.0665331E-08
   8.9651266E-08
   8.8637201E-08
   8.7623135E-08
   8.6609070E-08
   8.5595005E-08
   8.4580940E-08
   8.3566874E-08
   8.2552809E-08
   8.1538744E-08
   8.0524678E-08
   7.9510613E-08
   7.8496548E-08
   7.7482483E-08
   7.6468417E-08
   7.5454352E-08
   7.4440287E-08
   7.3426222E-08
   7.2412156E-08
   7.1398091E-08
   7.0384026E-08
   6.9369960E-08
   6.8355895E-08
   6.7341830E-08
   6.6327765E-08
   6.5313699E-08
   6.4299634E-08
   6.3285569E-08
   6.2271504E-08
   6.1257438E-08
   6.0243373E-08
   5.9743449E-08
   5.9243526E-08
   5.8743602E-08
   5.8243678E-08
   5.7743755E-08
   5.7243827E-08
   5.6743907E-08
   5.6243980E-08
   5.5744056E-08
   5.5244136E-08
   5.4744209E-08
   5.4244286E-08
   5.3744362E-08
   5.3244438E-08
   5.2744511E-08
   5.2244591E-08
   5.1744664E-08
   5.1244740E-08
   5.0744816E-08
   5.0244893E-08
   4.9744969E-08
   4.9245045E-08
   4.8745122E-08
   4.8245198E-08
   4.7745274E-08
   4.7245347E-08
   4.6745424E-08
   4.6245500E-08
   4.5745576E-08
   4.5245653E-08
   6.2238925E-08
   6.3631866E-08
   6.5024800E-08
   6.6417734E-08
   6.7810667E-08
   6.9203608E-08
   7.0596542E-08
   7.1989476E-08
   7.3382409E-08
   7.4775350E-08
   7.6168284E-08
   7.7561218E-08
   7.8954159E-08
   8.0347093E-08
   8.1740026E-08
   8.3132960E-08
   8.4525894E-08
   8.5918835E-08
   8.7311768E-08
   8.8704702E-08
   9.0097643E-08
   9.1490577E-08
   9.2883511E-08
   9.4276444E-08
   9.5669378E-08
   9.7062319E-08
   9.8455253E-08
   9.9848187E-08
   1.0124113E-07
   1.0263406E-07
   1.0315748E-07
   1.0281137E-07
   1.0246526E-07
   1.0211916E-07
   1.0177305E-07
   1.0142695E-07
   1.0108085E-07
   1.0073474E-07
   1.0038863E-07
   1.0004253E-07
   9.9696429E-08
   9.9350316E-08
   9.9004218E-08
   9.8658113E-08
   9.8312007E-08
   9.7965902E-08
   9.7619797E-08
   9.7273691E-08
   9.6927586E-08
   9.6581481E-08
   9.6235375E-08
   9.5889270E-08
   9.5543164E-08
   9.5197066E-08
   9.4850961E-08
   9.4504855E-08
   9.4158750E-08
   9.3812645E-08
   9.3466539E-08
   9.3120434E-08
   9.2774329E-08
   9.1780102E-08
   9.0785875E-08
   8.9791641E-08
   8.8797414E-08
   8.7803187E-08
   8.6808960E-08
   8.5814726E-08
   8.4820499E-08
   8.3826279E-08
   8.2832045E-08
   8.1837818E-08
   8.0843591E-08
   7.9849364E-08
   7.8855130E-08
   7.7860904E-08
   7.6866677E-08
   7.5872450E-08
   7.4878223E-08
   7.3883989E-08
   7.2889762E-08
   7.1895535E-08
   7.0901308E-08
   6.9907081E-08
   6.8912847E-08
   6.7918620E-08
   6.6924393E-08
   6.5930166E-08
   6.4935939E-08
   6.3941705E-08
   6.2947478E-08
   6.1953251E-08
   6.1290393E-08
   6.0627542E-08
   5.9964684E-08
   5.9301829E-08
   5.8638971E-08
   5.7976116E-08
   5.7313262E-08
   5.6650403E-08
   5.5987549E-08
   5.5324694E-08
   5.4661836E-08
   5.3998978E-08
   5.3336127E-08
   5.2673268E-08
   5.2010410E-08
   5.1347556E-08
   5.0684701E-08
   5.0021843E-08
   4.9358988E-08
   4.8696130E-08
   4.8033275E-08
   4.7370420E-08
   4.6707562E-08
   4.6044708E-08
   4.5381853E-08
   4.4718995E-08
   4.4056140E-08
   4.3393285E-08
   4.2730427E-08
   4.2067573E-08
   7.5668041E-08
   7.6938882E-08
   7.8209723E-08
   7.9480564E-08
   8.0751406E-08
   8.2022247E-08
   8.3293095E-08
   8.4563929E-08
   8.5834770E-08
   8.7105619E-08
   8.8376453E-08
   8.9647301E-08
   9.0918142E-08
   9.2188984E-08
   9.3459825E-08
   9.4730666E-08
   9.6001507E-08
   9.7272348E-08
   9.8543190E-08
   9.9814031E-08
   1.0108487E-07
   1.0235571E-07
   1.0362655E-07
   1.0489740E-07
   1.0616824E-07
   1.0743908E-07
   1.0870992E-07
   1.0998076E-07
   1.1125160E-07
   1.1252245E-07
   1.1279475E-07
   1.1206852E-07
   1.1134228E-07
   1.1061605E-07
   1.0988982E-07
   1.0916358E-07
   1.0843736E-07
   1.0771112E-07
   1.0698488E-07
   1.0625865E-07
   1.0553241E-07
   1.0480618E-07
   1.0407995E-07
   1.0335371E-07
   1.0262748E-07
   1.0190125E-07
   1.0117502E-07
   1.0044878E-07
   9.9722548E-08
   9.8996317E-08
   9.8270085E-08
   9.7543847E-08
   9.6817615E-08
   9.6091384E-08
   9.5365152E-08
   9.4638914E-08
   9.3912682E-08
   9.3186451E-08
   9.2460212E-08
   9.1733980E-08
   9.1007749E-08
   9.0160810E-08
   8.9313865E-08
   8.8466919E-08
   8.7619981E-08
   8.6773042E-08
   8.5926096E-08
   8.5079151E-08
   8.4232212E-08
   8.3385274E-08
   8.2538328E-08
   8.1691383E-08
   8.0844444E-08
   7.9997506E-08
   7.9150560E-08
   7.8303614E-08
   7.7456676E-08
   7.6609737E-08
   7.5762792E-08
   7.4915853E-08
   7.4068907E-08
   7.3221969E-08
   7.2375023E-08
   7.1528085E-08
   7.0681139E-08
   6.9834201E-08
   6.8987262E-08
   6.8140317E-08
   6.7293378E-08
   6.6446432E-08
   6.5599494E-08
   6.4752548E-08
   6.4340142E-08
   6.3927736E-08
   6.3515330E-08
   6.3102931E-08
   6.2690525E-08
   6.2278119E-08
   6.1865713E-08
   6.1453306E-08
   6.1040900E-08
   6.0628494E-08
   6.0216088E-08
   5.9803682E-08
   5.9391279E-08
   5.8978873E-08
   5.8566467E-08
   5.8154061E-08
   5.7741655E-08
   5.7329249E-08
   5.6916846E-08
   5.6504440E-08
   5.6092034E-08
   5.5679628E-08
   5.5267225E-08
   5.4854819E-08
   5.4442413E-08
   5.4030007E-08
   5.3617601E-08
   5.3205198E-08
   5.2792792E-08
   5.2380386E-08
   6.3127231E-08
   6.4528045E-08
   6.5928859E-08
   6.7329680E-08
   6.8730493E-08
   7.0131307E-08
   7.1532121E-08
   7.2932934E-08
   7.4333748E-08
   7.5734569E-08
   7.7135383E-08
   7.8536196E-08
   7.9937010E-08
   8.1337824E-08
   8.2738637E-08
   8.4139451E-08
   8.5540265E-08
   8.6941085E-08
   8.8341899E-08
   8.9742713E-08
   9.1143527E-08
   9.2544340E-08
   9.3945154E-08
   9.5345975E-08
   9.6746788E-08
   9.8147602E-08
   9.9548416E-08
   1.0094923E-07
   1.0235004E-07
   1.0375086E-07
   1.0435014E-07
   1.0414787E-07
   1.0394561E-07
   1.0374335E-07
   1.0354108E-07
   1.0333881E-07
   1.0313656E-07
   1.0293429E-07
   1.0273202E-07
   1.0252976E-07
   1.0232750E-07
   1.0212523E-07
   1.0192297E-07
   1.0172071E-07
   1.0151845E-07
   1.0131618E-07
   1.0111392E-07
   1.0091166E-07
   1.0070939E-07
   1.0050713E-07
   1.0030487E-07
   1.0010260E-07
   9.9900340E-08
   9.9698070E-08
   9.9495807E-08
   9.9293544E-08
   9.9091281E-08
   9.8889018E-08
   9.8686755E-08
   9.8484492E-08
   9.8282229E-08
   9.7448172E-08
   9.6614116E-08
   9.5780059E-08
   9.4946003E-08
   9.4111954E-08
   9.3277890E-08
   9.2443834E-08
   9.1609785E-08
   9.0775728E-08
   8.9941672E-08
   8.9107608E-08
   8.8273559E-08
   8.7439503E-08
   8.6605446E-08
   8.5771390E-08
   8.4937334E-08
   8.4103277E-08
   8.3269221E-08
   8.2435164E-08
   8.1601108E-08
   8.0767052E-08
   7.9932995E-08
   7.9098939E-08
   7.8264890E-08
   7.7430833E-08
   7.6596777E-08
   7.5762721E-08
   7.4928664E-08
   7.4094608E-08
   7.3260551E-08
   7.2426495E-08
   7.1947873E-08
   7.1469259E-08
   7.0990637E-08
   7.0512023E-08
   7.0033401E-08
   6.9554780E-08
   6.9076165E-08
   6.8597544E-08
   6.8118922E-08
   6.7640308E-08
   6.7161686E-08
   6.6683064E-08
   6.6204450E-08
   6.5725828E-08
   6.5247207E-08
   6.4768592E-08
   6.4289971E-08
   6.3811349E-08
   6.3332735E-08
   6.2854113E-08
   6.2375499E-08
   6.1896877E-08
   6.1418255E-08
   6.0939641E-08
   6.0461019E-08
   5.9982398E-08
   5.9503780E-08
   5.9025162E-08
   5.8546544E-08
   5.8067926E-08
   7.0236631E-08
   7.1596794E-08
   7.2956958E-08
   7.4317128E-08
   7.5677292E-08
   7.7037456E-08
   7.8397619E-08
   7.9757783E-08
   8.1117946E-08
   8.2478117E-08
   8.3838273E-08
   8.5198444E-08
   8.6558607E-08
   8.7918771E-08
   8.9278934E-08
   9.0639098E-08
   9.1999262E-08
   9.3359425E-08
   9.4719589E-08
   9.6079759E-08
   9.7439923E-08
   9.8800086E-08
   1.0016025E-07
   1.0152041E-07
   1.0288058E-07
   1.0424074E-07
   1.0560091E-07
   1.0696107E-07
   1.0832124E-07
   1.0968140E-07
   1.1003377E-07
   1.0937833E-07
   1.0872288E-07
   1.0806745E-07
   1.0741201E-07
   1.0675656E-07
   1.0610113E-07
   1.0544569E-07
   1.0479024E-07
   1.0413481E-07
   1.0347937E-07
   1.0282392E-07
   1.0216849E-07
   1.0151305E-07
   1.0085760E-07
   1.0020216E-07
   9.9546725E-08
   9.8891284E-08
   9.8235844E-08
   9.7580404E-08
   9.6924964E-08
   9.6269524E-08
   9.5614084E-08
   9.4958644E-08
   9.4303203E-08
   9.3647763E-08
   9.2992323E-08
   9.2336883E-08
   9.1681443E-08
   9.1026003E-08
   9.0370563E-08
   8.9342755E-08
   8.8314941E-08
   8.7287134E-08
   8.6259327E-08
   8.5231520E-08
   8.4203705E-08
   8.3175891E-08
   8.2148084E-08
   8.1120284E-08
   8.0092470E-08
   7.9064655E-08
   7.8036848E-08
   7.7009041E-08
   7.5981234E-08
   7.4953419E-08
   7.3925612E-08
   7.2897798E-08
   7.1869991E-08
   7.0842184E-08
   6.9814377E-08
   6.8786562E-08
   6.7758755E-08
   6.6730948E-08
   6.5703134E-08
   6.4675326E-08
   6.3647519E-08
   6.2619705E-08
   6.1591898E-08
   6.0564091E-08
   5.9536280E-08
   5.8508469E-08
   5.8044357E-08
   5.7580245E-08
   5.7116132E-08
   5.6652024E-08
   5.6187911E-08
   5.5723799E-08
   5.5259687E-08
   5.4795574E-08
   5.4331462E-08
   5.3867350E-08
   5.3403237E-08
   5.2939125E-08
   5.2475016E-08
   5.2010900E-08
   5.1546788E-08
   5.1082679E-08
   5.0618567E-08
   5.0154455E-08
   4.9690343E-08
   4.9226230E-08
   4.8762118E-08
   4.8298006E-08
   4.7833893E-08
   4.7369781E-08
   4.6905672E-08
   4.6441560E-08
   4.5977448E-08
   4.5513335E-08
   4.5049223E-08
   4.4585111E-08
   5.7617857E-08
   5.8673830E-08
   5.9729800E-08
   6.0785780E-08
   6.1841746E-08
   6.2897719E-08
   6.3953692E-08
   6.5009665E-08
   6.6065638E-08
   6.7121611E-08
   6.8177584E-08
   6.9233558E-08
   7.0289531E-08
   7.1345504E-08
   7.2401477E-08
   7.3457450E-08
   7.4513423E-08
   7.5569396E-08
   7.6625369E-08
   7.7681342E-08
   7.8737315E-08
   7.9793288E-08
   8.0849262E-08
   8.1905235E-08
   8.2961208E-08
   8.4017181E-08
   8.5073154E-08
   8.6129120E-08
   8.7185100E-08
   8.8241073E-08
   8.8572513E-08
   8.8179412E-08
   8.7786319E-08
   8.7393225E-08
   8.7000132E-08
   8.6607038E-08
   8.6213944E-08
   8.5820851E-08
   8.5427750E-08
   8.5034657E-08
   8.4641563E-08
   8.4248470E-08
   8.3855376E-08
   8.3462282E-08
   8.3069182E-08
   8.2676095E-08
   8.2283002E-08
   8.1889908E-08
   8.1496808E-08
   8.1103714E-08
   8.0710620E-08
   8.0317527E-08
   7.9924433E-08
   7.9531340E-08
   7.9138246E-08
   7.8745153E-08
   7.8352052E-08
   7.7958958E-08
   7.7565865E-08
   7.7172771E-08
   7.6779678E-08
   7.5934288E-08
   7.5088892E-08
   7.4243495E-08
   7.3398105E-08
   7.2552709E-08
   7.1707312E-08
   7.0861915E-08
   7.0016526E-08
   6.9171136E-08
   6.8325740E-08
   6.7480343E-08
   6.6634954E-08
   6.5789557E-08
   6.4944160E-08
   6.4098771E-08
   6.3253374E-08
   6.2407985E-08
   6.1562588E-08
   6.0717191E-08
   5.9871802E-08
   5.9026405E-08
   5.8181012E-08
   5.7335619E-08
   5.6490226E-08
   5.5644829E-08
   5.4799436E-08
   5.3954043E-08
   5.3108650E-08
   5.2263253E-08
   5.1417860E-08
   5.0572467E-08
   5.0015117E-08
   4.9457768E-08
   4.8900418E-08
   4.8343068E-08
   4.7785718E-08
   4.7228369E-08
   4.6671019E-08
   4.6113669E-08
   4.5556316E-08
   4.4998970E-08
   4.4441617E-08
   4.3884267E-08
   4.3326921E-08
   4.2769567E-08
   4.2212218E-08
   4.1654868E-08
   4.1097518E-08
   4.0540169E-08
   3.9982819E-08
   3.9425469E-08
   3.8868119E-08
   3.8310770E-08
   3.7753420E-08
   3.7196067E-08
   3.6638717E-08
   3.6081367E-08
   3.5524018E-08
   3.4966668E-08
   3.4409318E-08
   3.3851968E-08
   5.4209291E-08
   5.5904870E-08
   5.7600449E-08
   5.9296031E-08
   6.0991610E-08
   6.2687185E-08
   6.4382768E-08
   6.6078343E-08
   6.7773925E-08
   6.9469507E-08
   7.1165083E-08
   7.2860665E-08
   7.4556240E-08
   7.6251816E-08
   7.7947398E-08
   7.9642973E-08
   8.1338555E-08
   8.3034138E-08
   8.4729713E-08
   8.6425295E-08
   8.8120871E-08
   8.9816453E-08
   9.1512028E-08
   9.3207611E-08
   9.4903186E-08
   9.6598768E-08
   9.8294350E-08
   9.9989926E-08
   1.0168551E-07
   1.0338108E-07
   1.0415906E-07
   1.0401944E-07
   1.0387981E-07
   1.0374020E-07
   1.0360057E-07
   1.0346095E-07
   1.0332133E-07
   1.0318170E-07
   1.0304208E-07
   1.0290245E-07
   1.0276283E-07
   1.0262321E-07
   1.0248359E-07
   1.0234397E-07
   1.0220434E-07
   1.0206472E-07
   1.0192510E-07
   1.0178547E-07
   1.0164585E-07
   1.0150623E-07
   1.0136661E-07
   1.0122698E-07
   1.0108736E-07
   1.0094774E-07
   1.0080812E-07
   1.0066849E-07
   1.0052887E-07
   1.0038924E-07
   1.0024962E-07
   1.0011000E-07
   9.9970379E-08
   9.8886332E-08
   9.7802278E-08
   9.6718225E-08
   9.5634178E-08
   9.4550131E-08
   9.3466078E-08
   9.2382024E-08
   9.1297977E-08
   9.0213931E-08
   8.9129877E-08
   8.8045823E-08
   8.6961776E-08
   8.5877730E-08
   8.4793676E-08
   8.3709622E-08
   8.2625576E-08
   8.1541529E-08
   8.0457475E-08
   7.9373429E-08
   7.8289375E-08
   7.7205328E-08
   7.6121275E-08
   7.5037228E-08
   7.3953174E-08
   7.2869128E-08
   7.1785081E-08
   7.0701027E-08
   6.9616981E-08
   6.8532927E-08
   6.7448880E-08
   6.6364827E-08
   6.5810859E-08
   6.5256899E-08
   6.4702931E-08
   6.4148971E-08
   6.3595003E-08
   6.3041036E-08
   6.2487075E-08
   6.1933108E-08
   6.1379140E-08
   6.0825180E-08
   6.0271212E-08
   5.9717252E-08
   5.9163284E-08
   5.8609320E-08
   5.8055353E-08
   5.7501389E-08
   5.6947425E-08
   5.6393461E-08
   5.5839493E-08
   5.5285529E-08
   5.4731565E-08
   5.4177601E-08
   5.3623634E-08
   5.3069670E-08
   5.2515706E-08
   5.1961742E-08
   5.1407774E-08
   5.0853810E-08
   5.0299846E-08
   4.9745882E-08
   7.0282880E-08
   7.1631163E-08
   7.2979446E-08
   7.4327730E-08
   7.5676013E-08
   7.7024296E-08
   7.8372580E-08
   7.9720863E-08
   8.1069146E-08
   8.2417429E-08
   8.3765713E-08
   8.5113996E-08
   8.6462279E-08
   8.7810555E-08
   8.9158846E-08
   9.0507122E-08
   9.1855405E-08
   9.3203688E-08
   9.4551972E-08
   9.5900255E-08
   9.7248538E-08
   9.8596821E-08
   9.9945105E-08
   1.0129339E-07
   1.0264167E-07
   1.0398995E-07
   1.0533824E-07
   1.0668652E-07
   1.0803480E-07
   1.0938309E-07
   1.0985753E-07
   1.0945814E-07
   1.0905874E-07
   1.0865935E-07
   1.0825995E-07
   1.0786056E-07
   1.0746117E-07
   1.0706177E-07
   1.0666238E-07
   1.0626299E-07
   1.0586359E-07
   1.0546420E-07
   1.0506481E-07
   1.0466541E-07
   1.0426601E-07
   1.0386663E-07
   1.0346723E-07
   1.0306783E-07
   1.0266844E-07
   1.0226905E-07
   1.0186965E-07
   1.0147026E-07
   1.0107087E-07
   1.0067147E-07
   1.0027208E-07
   9.9872679E-08
   9.9473290E-08
   9.9073894E-08
   9.8674498E-08
   9.8275109E-08
   9.7875713E-08
   9.7026266E-08
   9.6176819E-08
   9.5327373E-08
   9.4477926E-08
   9.3628486E-08
   9.2779032E-08
   9.1929586E-08
   9.1080139E-08
   9.0230699E-08
   8.9381246E-08
   8.8531799E-08
   8.7682352E-08
   8.6832912E-08
   8.5983466E-08
   8.5134012E-08
   8.4284572E-08
   8.3435118E-08
   8.2585679E-08
   8.1736232E-08
   8.0886785E-08
   8.0037339E-08
   7.9187892E-08
   7.8338445E-08
   7.7488998E-08
   7.6639552E-08
   7.5790105E-08
   7.4940658E-08
   7.4091211E-08
   7.3241765E-08
   7.2392318E-08
   7.1542871E-08
   7.1028701E-08
   7.0514531E-08
   7.0000354E-08
   6.9486191E-08
   6.8972014E-08
   6.8457844E-08
   6.7943674E-08
   6.7429504E-08
   6.6915327E-08
   6.6401164E-08
   6.5886987E-08
   6.5372816E-08
   6.4858646E-08
   6.4344469E-08
   6.3830299E-08
   6.3316129E-08
   6.2801959E-08
   6.2287789E-08
   6.1773619E-08
   6.1259442E-08
   6.0745272E-08
   6.0231102E-08
   5.9716932E-08
   5.9202758E-08
   5.8688588E-08
   5.8174418E-08
   5.7660245E-08
   5.7146075E-08
   5.6631904E-08
   5.6117731E-08
   6.5557423E-08
   6.7206678E-08
   6.8855933E-08
   7.0505187E-08
   7.2154435E-08
   7.3803690E-08
   7.5452945E-08
   7.7102200E-08
   7.8751455E-08
   8.0400710E-08
   8.2049958E-08
   8.3699213E-08
   8.5348475E-08
   8.6997723E-08
   8.8646978E-08
   9.0296233E-08
   9.1945488E-08
   9.3594743E-08
   9.5243990E-08
   9.6893245E-08
   9.8542500E-08
   1.0019176E-07
   1.0184101E-07
   1.0349027E-07
   1.0513952E-07
   1.0678878E-07
   1.0843803E-07
   1.1008728E-07
   1.1173653E-07
   1.1338579E-07
   1.1400556E-07
   1.1359585E-07
   1.1318613E-07
   1.1277643E-07
   1.1236671E-07
   1.1195700E-07
   1.1154729E-07
   1.1113757E-07
   1.1072786E-07
   1.1031815E-07
   1.0990844E-07
   1.0949873E-07
   1.0908902E-07
   1.0867931E-07
   1.0826959E-07
   1.0785988E-07
   1.0745017E-07
   1.0704046E-07
   1.0663075E-07
   1.0622104E-07
   1.0581132E-07
   1.0540161E-07
   1.0499190E-07
   1.0458219E-07
   1.0417248E-07
   1.0376277E-07
   1.0335305E-07
   1.0294334E-07
   1.0253363E-07
   1.0212392E-07
   1.0171421E-07
   1.0072616E-07
   9.9738102E-08
   9.8750050E-08
   9.7762005E-08
   9.6773952E-08
   9.5785900E-08
   9.4797848E-08
   9.3809803E-08
   9.2821750E-08
   9.1833698E-08
   9.0845646E-08
   8.9857593E-08
   8.8869548E-08
   8.7881496E-08
   8.6893444E-08
   8.5905391E-08
   8.4917339E-08
   8.3929294E-08
   8.2941241E-08
   8.1953189E-08
   8.0965137E-08
   7.9977085E-08
   7.8989032E-08
   7.8000987E-08
   7.7012935E-08
   7.6024882E-08
   7.5036830E-08
   7.4048785E-08
   7.3060733E-08
   7.2072680E-08
   7.1084628E-08
   7.0514687E-08
   6.9944747E-08
   6.9374806E-08
   6.8804866E-08
   6.8234925E-08
   6.7664985E-08
   6.7095044E-08
   6.6525104E-08
   6.5955163E-08
   6.5385223E-08
   6.4815282E-08
   6.4245341E-08
   6.3675408E-08
   6.3105460E-08
   6.2535520E-08
   6.1965579E-08
   6.1395639E-08
   6.0825698E-08
   6.0255758E-08
   5.9685817E-08
   5.9115880E-08
   5.8545940E-08
   5.7975999E-08
   5.7406059E-08
   5.6836118E-08
   5.6266177E-08
   5.5696237E-08
   5.5126296E-08
   5.4556356E-08
   5.3986415E-08
   6.1320222E-08
   6.2685849E-08
   6.4051470E-08
   6.5417098E-08
   6.6782718E-08
   6.8148339E-08
   6.9513966E-08
   7.0879587E-08
   7.2245207E-08
   7.3610835E-08
   7.4976455E-08
   7.6342076E-08
   7.7707703E-08
   7.9073324E-08
   8.0438944E-08
   8.1804572E-08
   8.3170193E-08
   8.4535820E-08
   8.5901441E-08
   8.7267061E-08
   8.8632689E-08
   8.9998309E-08
   9.1363930E-08
   9.2729557E-08
   9.4095178E-08
   9.5460798E-08
   9.6826426E-08
   9.8192046E-08
   9.9557667E-08
   1.0092329E-07
   1.0140166E-07
   1.0099277E-07
   1.0058388E-07
   1.0017499E-07
   9.9766098E-08
   9.9357209E-08
   9.8948320E-08
   9.8539431E-08
   9.8130535E-08
   9.7721646E-08
   9.7312757E-08
   9.6903861E-08
   9.6494979E-08
   9.6086083E-08
   9.5677194E-08
   9.5268305E-08
   9.4859416E-08
   9.4450527E-08
   9.4041631E-08
   9.3632742E-08
   9.3223854E-08
   9.2814965E-08
   9.2406076E-08
   9.1997180E-08
   9.1588291E-08
   9.1179402E-08
   9.0770513E-08
   9.0361624E-08
   8.9952728E-08
   8.9543839E-08
   8.9134950E-08
   8.8171127E-08
   8.7207297E-08
   8.6243467E-08
   8.5279645E-08
   8.4315822E-08
   8.3351999E-08
   8.2388169E-08
   8.1424346E-08
   8.0460524E-08
   7.9496694E-08
   7.8532864E-08
   7.7569041E-08
   7.6605218E-08
   7.5641388E-08
   7.4677558E-08
   7.3713736E-08
   7.2749913E-08
   7.1786090E-08
   7.0822260E-08
   6.9858437E-08
   6.8894607E-08
   6.7930785E-08
   6.6966955E-08
   6.6003132E-08
   6.5039302E-08
   6.4075479E-08
   6.3111656E-08
   6.2147826E-08
   6.1184004E-08
   6.0220181E-08
   5.9256351E-08
   5.8682311E-08
   5.8108274E-08
   5.7534233E-08
   5.6960197E-08
   5.6386156E-08
   5.5812116E-08
   5.5238079E-08
   5.4664039E-08
   5.4089998E-08
   5.3515961E-08
   5.2941921E-08
   5.2367881E-08
   5.1793844E-08
   5.1219804E-08
   5.0645763E-08
   5.0071723E-08
   4.9497686E-08
   4.8923646E-08
   4.8349605E-08
   4.7775568E-08
   4.7201528E-08
   4.6627488E-08
   4.6053451E-08
   4.5479410E-08
   4.4905370E-08
   4.4331333E-08
   4.3757293E-08
   4.3183253E-08
   4.2609216E-08
   4.2035175E-08
   7.2411680E-08
   7.3557189E-08
   7.4702697E-08
   7.5848206E-08
   7.6993715E-08
   7.8139223E-08
   7.9284732E-08
   8.0430233E-08
   8.1575742E-08
   8.2721257E-08
   8.3866759E-08
   8.5012267E-08
   8.6157776E-08
   8.7303285E-08
   8.8448793E-08
   8.9594302E-08
   9.0739810E-08
   9.1885319E-08
   9.3030827E-08
   9.4176336E-08
   9.5321845E-08
   9.6467346E-08
   9.7612855E-08
   9.8758370E-08
   9.9903872E-08
   1.0104938E-07
   1.0219489E-07
   1.0334040E-07
   1.0448591E-07
   1.0563141E-07
   1.0589857E-07
   1.0528737E-07
   1.0467617E-07
   1.0406498E-07
   1.0345378E-07
   1.0284258E-07
   1.0223138E-07
   1.0162018E-07
   1.0100898E-07
   1.0039778E-07
   9.9786590E-08
   9.9175388E-08
   9.8564193E-08
   9.7952991E-08
   9.7341790E-08
   9.6730595E-08
   9.6119400E-08
   9.5508199E-08
   9.4897004E-08
   9.4285802E-08
   9.3674608E-08
   9.3063406E-08
   9.2452211E-08
   9.1841017E-08
   9.1229815E-08
   9.0618613E-08
   9.0007418E-08
   8.9396217E-08
   8.8785022E-08
   8.8173827E-08
   8.7562626E-08
   8.6806835E-08
   8.6051038E-08
   8.5295248E-08
   8.4539458E-08
   8.3783668E-08
   8.3027871E-08
   8.2272074E-08
   8.1516284E-08
   8.0760493E-08
   8.0004703E-08
   7.9248906E-08
   7.8493116E-08
   7.7737326E-08
   7.6981536E-08
   7.6225739E-08
   7.5469949E-08
   7.4714151E-08
   7.3958361E-08
   7.3202571E-08
   7.2446781E-08
   7.1690984E-08
   7.0935194E-08
   7.0179404E-08
   6.9423606E-08
   6.8667816E-08
   6.7912026E-08
   6.7156229E-08
   6.6400439E-08
   6.5644649E-08
   6.4888852E-08
   6.4133062E-08
   6.3747244E-08
   6.3361433E-08
   6.2975623E-08
   6.2589805E-08
   6.2203995E-08
   6.1818177E-08
   6.1432367E-08
   6.1046549E-08
   6.0660739E-08
   6.0274928E-08
   5.9889111E-08
   5.9503297E-08
   5.9117486E-08
   5.8731668E-08
   5.8345854E-08
   5.7960040E-08
   5.7574226E-08
   5.7188412E-08
   5.6802602E-08
   5.6416788E-08
   5.6030974E-08
   5.5645160E-08
   5.5259346E-08
   5.4873531E-08
   5.4487717E-08
   5.4101903E-08
   5.3716089E-08
   5.3330275E-08
   5.2944461E-08
   5.2558647E-08
   7.3206891E-08
   7.4641072E-08
   7.6075246E-08
   7.7509426E-08
   7.8943607E-08
   8.0377781E-08
   8.1811962E-08
   8.3246135E-08
   8.4680309E-08
   8.6114490E-08
   8.7548663E-08
   8.8982844E-08
   9.0417025E-08
   9.1851199E-08
   9.3285372E-08
   9.4719553E-08
   9.6153727E-08
   9.7587908E-08
   9.9022081E-08
   1.0045626E-07
   1.0189044E-07
   1.0332462E-07
   1.0475879E-07
   1.0619297E-07
   1.0762714E-07
   1.0906133E-07
   1.1049550E-07
   1.1192968E-07
   1.1336385E-07
   1.1479803E-07
   1.1527953E-07
   1.1480832E-07
   1.1433712E-07
   1.1386593E-07
   1.1339473E-07
   1.1292352E-07
   1.1245233E-07
   1.1198113E-07
   1.1150993E-07
   1.1103874E-07
   1.1056754E-07
   1.1009634E-07
   1.0962514E-07
   1.0915394E-07
   1.0868274E-07
   1.0821154E-07
   1.0774035E-07
   1.0726915E-07
   1.0679795E-07
   1.0632675E-07
   1.0585556E-07
   1.0538436E-07
   1.0491316E-07
   1.0444196E-07
   1.0397076E-07
   1.0349956E-07
   1.0302836E-07
   1.0255717E-07
   1.0208597E-07
   1.0161477E-07
   1.0114357E-07
   1.0026418E-07
   9.9384785E-08
   9.8505389E-08
   9.7625993E-08
   9.6746604E-08
   9.5867208E-08
   9.4987811E-08
   9.4108422E-08
   9.3229026E-08
   9.2349630E-08
   9.1470234E-08
   9.0590845E-08
   8.9711456E-08
   8.8832060E-08
   8.7952657E-08
   8.7073268E-08
   8.6193872E-08
   8.5314483E-08
   8.4435086E-08
   8.3555697E-08
   8.2676301E-08
   8.1796905E-08
   8.0917509E-08
   8.0038120E-08
   7.9158724E-08
   7.8279328E-08
   7.7399939E-08
   7.6520543E-08
   7.5641147E-08
   7.4761758E-08
   7.3882362E-08
   7.3358642E-08
   7.2834922E-08
   7.2311202E-08
   7.1787490E-08
   7.1263770E-08
   7.0740043E-08
   7.0216331E-08
   6.9692611E-08
   6.9168891E-08
   6.8645171E-08
   6.8121452E-08
   6.7597732E-08
   6.7074012E-08
   6.6550292E-08
   6.6026573E-08
   6.5502853E-08
   6.4979133E-08
   6.4455413E-08
   6.3931701E-08
   6.3407981E-08
   6.2884261E-08
   6.2360542E-08
   6.1836822E-08
   6.1313102E-08
   6.0789382E-08
   6.0265663E-08
   5.9741943E-08
   5.9218227E-08
   5.8694507E-08
   5.8170787E-08
   7.9676795E-08
   8.0943508E-08
   8.2210221E-08
   8.3476927E-08
   8.4743640E-08
   8.6010346E-08
   8.7277058E-08
   8.8543764E-08
   8.9810477E-08
   9.1077190E-08
   9.2343896E-08
   9.3610609E-08
   9.4877315E-08
   9.6144028E-08
   9.7410734E-08
   9.8677440E-08
   9.9944153E-08
   1.0121087E-07
   1.0247757E-07
   1.0374428E-07
   1.0501099E-07
   1.0627770E-07
   1.0754441E-07
   1.0881112E-07
   1.1007783E-07
   1.1134454E-07
   1.1261125E-07
   1.1387796E-07
   1.1514467E-07
   1.1641138E-07
   1.1673541E-07
   1.1611676E-07
   1.1549811E-07
   1.1487946E-07
   1.1426081E-07
   1.1364216E-07
   1.1302352E-07
   1.1240486E-07
   1.1178621E-07
   1.1116757E-07
   1.1054892E-07
   1.0993026E-07
   1.0931162E-07
   1.0869297E-07
   1.0807432E-07
   1.0745567E-07
   1.0683702E-07
   1.0621837E-07
   1.0559972E-07
   1.0498108E-07
   1.0436243E-07
   1.0374377E-07
   1.0312512E-07
   1.0250648E-07
   1.0188783E-07
   1.0126918E-07
   1.0065053E-07
   1.0003188E-07
   9.9413228E-08
   9.8794580E-08
   9.8175931E-08
   9.7327401E-08
   9.6478864E-08
   9.5630334E-08
   9.4781804E-08
   9.3933274E-08
   9.3084736E-08
   9.2236199E-08
   9.1387669E-08
   9.0539146E-08
   8.9690609E-08
   8.8842071E-08
   8.7993541E-08
   8.7145011E-08
   8.6296481E-08
   8.5447944E-08
   8.4599414E-08
   8.3750876E-08
   8.2902346E-08
   8.2053816E-08
   8.1205286E-08
   8.0356749E-08
   7.9508219E-08
   7.8659689E-08
   7.7811151E-08
   7.6962621E-08
   7.6114091E-08
   7.5265554E-08
   7.4417024E-08
   7.3568494E-08
   7.2719956E-08
   7.1871426E-08
   7.1456931E-08
   7.1042436E-08
   7.0627941E-08
   7.0213453E-08
   6.9798958E-08
   6.9384463E-08
   6.8969968E-08
   6.8555472E-08
   6.8140977E-08
   6.7726489E-08
   6.7311994E-08
   6.6897499E-08
   6.6483004E-08
   6.6068509E-08
   6.5654014E-08
   6.5239519E-08
   6.4825031E-08
   6.4410536E-08
   6.3996040E-08
   6.3581545E-08
   6.3167050E-08
   6.2752555E-08
   6.2338060E-08
   6.1923572E-08
   6.1509077E-08
   6.1094582E-08
   6.0680087E-08
   6.0265592E-08
   5.9851097E-08
   5.9436605E-08
   7.4115050E-08
   7.5622282E-08
   7.7129513E-08
   7.8636745E-08
   8.0143977E-08
   8.1651208E-08
   8.3158440E-08
   8.4665672E-08
   8.6172903E-08
   8.7680142E-08
   8.9187367E-08
   9.0694598E-08
   9.2201837E-08
   9.3709062E-08
   9.5216301E-08
   9.6723525E-08
   9.8230764E-08
   9.9737996E-08
   1.0124522E-07
   1.0275246E-07
   1.0425969E-07
   1.0576692E-07
   1.0727415E-07
   1.0878139E-07
   1.1028862E-07
   1.1179585E-07
   1.1330308E-07
   1.1481031E-07
   1.1631754E-07
   1.1782478E-07
   1.1821408E-07
   1.1748546E-07
   1.1675683E-07
   1.1602821E-07
   1.1529958E-07
   1.1457096E-07
   1.1384234E-07
   1.1311371E-07
   1.1238509E-07
   1.1165647E-07
   1.1092784E-07
   1.1019922E-07
   1.0947059E-07
   1.0874197E-07
   1.0801335E-07
   1.0728472E-07
   1.0655610E-07
   1.0582747E-07
   1.0509885E-07
   1.0437023E-07
   1.0364160E-07
   1.0291298E-07
   1.0218435E-07
   1.0145573E-07
   1.0072711E-07
   9.9998481E-08
   9.9269862E-08
   9.8541236E-08
   9.7812610E-08
   9.7083991E-08
   9.6355365E-08
   9.5482584E-08
   9.4609796E-08
   9.3737007E-08
   9.2864219E-08
   9.1991438E-08
   9.1118650E-08
   9.0245862E-08
   8.9373081E-08
   8.8500293E-08
   8.7627505E-08
   8.6754717E-08
   8.5881936E-08
   8.5009155E-08
   8.4136367E-08
   8.3263572E-08
   8.2390791E-08
   8.1518003E-08
   8.0645222E-08
   7.9772434E-08
   7.8899653E-08
   7.8026865E-08
   7.7154077E-08
   7.6281289E-08
   7.5408508E-08
   7.4535720E-08
   7.3662932E-08
   7.2790151E-08
   7.1917363E-08
   7.1044575E-08
   7.0171794E-08
   6.9299006E-08
   6.8875444E-08
   6.8451882E-08
   6.8028314E-08
   6.7604752E-08
   6.7181190E-08
   6.6757629E-08
   6.6334067E-08
   6.5910498E-08
   6.5486937E-08
   6.5063375E-08
   6.4639806E-08
   6.4216245E-08
   6.3792683E-08
   6.3369122E-08
   6.2945553E-08
   6.2521991E-08
   6.2098430E-08
   6.1674868E-08
   6.1251299E-08
   6.0827738E-08
   6.0404176E-08
   5.9980614E-08
   5.9557049E-08
   5.9133484E-08
   5.8709922E-08
   5.8286357E-08
   5.7862795E-08
   5.7439230E-08
   5.7015669E-08
   5.6592103E-08
   7.6076930E-08
   7.7448156E-08
   7.8819376E-08
   8.0190595E-08
   8.1561815E-08
   8.2933035E-08
   8.4304261E-08
   8.5675474E-08
   8.7046701E-08
   8.8417920E-08
   8.9789140E-08
   9.1160359E-08
   9.2531586E-08
   9.3902806E-08
   9.5274025E-08
   9.6645245E-08
   9.8016464E-08
   9.9387691E-08
   1.0075891E-07
   1.0213013E-07
   1.0350135E-07
   1.0487257E-07
   1.0624379E-07
   1.0761502E-07
   1.0898624E-07
   1.1035745E-07
   1.1172867E-07
   1.1309989E-07
   1.1447112E-07
   1.1584234E-07
   1.1620649E-07
   1.1556355E-07
   1.1492062E-07
   1.1427769E-07
   1.1363475E-07
   1.1299182E-07
   1.1234889E-07
   1.1170596E-07
   1.1106302E-07
   1.1042010E-07
   1.0977716E-07
   1.0913423E-07
   1.0849130E-07
   1.0784837E-07
   1.0720543E-07
   1.0656250E-07
   1.0591958E-07
   1.0527664E-07
   1.0463371E-07
   1.0399078E-07
   1.0334784E-07
   1.0270492E-07
   1.0206198E-07
   1.0141905E-07
   1.0077612E-07
   1.0013319E-07
   9.9490258E-08
   9.8847323E-08
   9.8204389E-08
   9.7561461E-08
   9.6918527E-08
   9.6068121E-08
   9.5217707E-08
   9.4367294E-08
   9.3516888E-08
   9.2666482E-08
   9.1816069E-08
   9.0965656E-08
   9.0115250E-08
   8.9264844E-08
   8.8414438E-08
   8.7564025E-08
   8.6713619E-08
   8.5863213E-08
   8.5012800E-08
   8.4162387E-08
   8.3311981E-08
   8.2461568E-08
   8.1611162E-08
   8.0760749E-08
   7.9910343E-08
   7.9059930E-08
   7.8209524E-08
   7.7359118E-08
   7.6508705E-08
   7.5658299E-08
   7.4807886E-08
   7.3957480E-08
   7.3107067E-08
   7.2256661E-08
   7.1406255E-08
   7.0555842E-08
   7.0105720E-08
   6.9655599E-08
   6.9205477E-08
   6.8755355E-08
   6.8305233E-08
   6.7855112E-08
   6.7404990E-08
   6.6954868E-08
   6.6504739E-08
   6.6054625E-08
   6.5604496E-08
   6.5154374E-08
   6.4704253E-08
   6.4254131E-08
   6.3804009E-08
   6.3353887E-08
   6.2903766E-08
   6.2453644E-08
   6.2003522E-08
   6.1553401E-08
   6.1103279E-08
   6.0653157E-08
   6.0203035E-08
   5.9752907E-08
   5.9302788E-08
   5.8852667E-08
   5.8402541E-08
   5.7952420E-08
   5.7502298E-08
   5.7052176E-08
   8.2575554E-08
   8.3929599E-08
   8.5283638E-08
   8.6637684E-08
   8.7991722E-08
   8.9345761E-08
   9.0699807E-08
   9.2053845E-08
   9.3407884E-08
   9.4761930E-08
   9.6115969E-08
   9.7470007E-08
   9.8824053E-08
   1.0017809E-07
   1.0153213E-07
   1.0288617E-07
   1.0424021E-07
   1.0559425E-07
   1.0694829E-07
   1.0830234E-07
   1.0965638E-07
   1.1101042E-07
   1.1236446E-07
   1.1371850E-07
   1.1507254E-07
   1.1642658E-07
   1.1778062E-07
   1.1913466E-07
   1.2048871E-07
   1.2184275E-07
   1.2220887E-07
   1.2158706E-07
   1.2096527E-07
   1.2034347E-07
   1.1972166E-07
   1.1909987E-07
   1.1847807E-07
   1.1785627E-07
   1.1723446E-07
   1.1661267E-07
   1.1599086E-07
   1.1536906E-07
   1.1474727E-07
   1.1412547E-07
   1.1350367E-07
   1.1288187E-07
   1.1226007E-07
   1.1163827E-07
   1.1101647E-07
   1.1039467E-07
   1.0977287E-07
   1.0915107E-07
   1.0852927E-07
   1.0790747E-07
   1.0728567E-07
   1.0666388E-07
   1.0604207E-07
   1.0542028E-07
   1.0479847E-07
   1.0417668E-07
   1.0355487E-07
   1.0266295E-07
   1.0177103E-07
   1.0087911E-07
   9.9987183E-08
   9.9095260E-08
   9.8203337E-08
   9.7311414E-08
   9.6419491E-08
   9.5527568E-08
   9.4635645E-08
   9.3743722E-08
   9.2851799E-08
   9.1959876E-08
   9.1067953E-08
   9.0176030E-08
   8.9284107E-08
   8.8392184E-08
   8.7500261E-08
   8.6608338E-08
   8.5716415E-08
   8.4824492E-08
   8.3932569E-08
   8.3040646E-08
   8.2148723E-08
   8.1256800E-08
   8.0364877E-08
   7.9472954E-08
   7.8581031E-08
   7.7689108E-08
   7.6797185E-08
   7.5905263E-08
   7.5390297E-08
   7.4875331E-08
   7.4360365E-08
   7.3845406E-08
   7.3330433E-08
   7.2815467E-08
   7.2300509E-08
   7.1785536E-08
   7.1270570E-08
   7.0755611E-08
   7.0240645E-08
   6.9725679E-08
   6.9210714E-08
   6.8695748E-08
   6.8180782E-08
   6.7665816E-08
   6.7150850E-08
   6.6635884E-08
   6.6120919E-08
   6.5605953E-08
   6.5090987E-08
   6.4576021E-08
   6.4061055E-08
   6.3546089E-08
   6.3031123E-08
   6.2516158E-08
   6.2001192E-08
   6.1486226E-08
   6.0971260E-08
   6.0456294E-08
   7.7132590E-08
   7.8193608E-08
   7.9254626E-08
   8.0315651E-08
   8.1376669E-08
   8.2437687E-08
   8.3498705E-08
   8.4559723E-08
   8.5620741E-08
   8.6681759E-08
   8.7742777E-08
   8.8803795E-08
   8.9864812E-08
   9.0925830E-08
   9.1986848E-08
   9.3047866E-08
   9.4108884E-08
   9.5169909E-08
   9.6230920E-08
   9.7291945E-08
   9.8352963E-08
   9.9413981E-08
   1.0047500E-07
   1.0153602E-07
   1.0259703E-07
   1.0365805E-07
   1.0471907E-07
   1.0578009E-07
   1.0684111E-07
   1.0790213E-07
   1.0812122E-07
   1.0749838E-07
   1.0687554E-07
   1.0625271E-07
   1.0562987E-07
   1.0500703E-07
   1.0438419E-07
   1.0376135E-07
   1.0313851E-07
   1.0251568E-07
   1.0189284E-07
   1.0127000E-07
   1.0064716E-07
   1.0002432E-07
   9.9401483E-08
   9.8778649E-08
   9.8155809E-08
   9.7532975E-08
   9.6910135E-08
   9.6287295E-08
   9.5664461E-08
   9.5041621E-08
   9.4418780E-08
   9.3795947E-08
   9.3173107E-08
   9.2550266E-08
   9.1927433E-08
   9.1304592E-08
   9.0681752E-08
   9.0058919E-08
   8.9436078E-08
   8.8669651E-08
   8.7903217E-08
   8.7136783E-08
   8.6370349E-08
   8.5603922E-08
   8.4837488E-08
   8.4071054E-08
   8.3304627E-08
   8.2538193E-08
   8.1771759E-08
   8.1005325E-08
   8.0238898E-08
   7.9472471E-08
   7.8706037E-08
   7.7939603E-08
   7.7173169E-08
   7.6406735E-08
   7.5640308E-08
   7.4873874E-08
   7.4107447E-08
   7.3341013E-08
   7.2574579E-08
   7.1808145E-08
   7.1041718E-08
   7.0275284E-08
   6.9508850E-08
   6.8742423E-08
   6.7975989E-08
   6.7209555E-08
   6.6443128E-08
   6.5676694E-08
   6.5178206E-08
   6.4679718E-08
   6.4181229E-08
   6.3682741E-08
   6.3184252E-08
   6.2685764E-08
   6.2187276E-08
   6.1688787E-08
   6.1190299E-08
   6.0691811E-08
   6.0193322E-08
   5.9694834E-08
   5.9196346E-08
   5.8697854E-08
   5.8199365E-08
   5.7700877E-08
   5.7202389E-08
   5.6703900E-08
   5.6205412E-08
   5.5706924E-08
   5.5208435E-08
   5.4709947E-08
   5.4211458E-08
   5.3712967E-08
   5.3214478E-08
   5.2715990E-08
   5.2217501E-08
   5.1719013E-08
   5.1220525E-08
   5.0722036E-08
   6.3211495E-08
   6.4747361E-08
   6.6283228E-08
   6.7819087E-08
   6.9354954E-08
   7.0890813E-08
   7.2426680E-08
   7.3962539E-08
   7.5498406E-08
   7.7034272E-08
   7.8570132E-08
   8.0105998E-08
   8.1641858E-08
   8.3177724E-08
   8.4713584E-08
   8.6249443E-08
   8.7785310E-08
   8.9321176E-08
   9.0857036E-08
   9.2392902E-08
   9.3928762E-08
   9.5464628E-08
   9.7000488E-08
   9.8536354E-08
   1.0007221E-07
   1.0160808E-07
   1.0314395E-07
   1.0467981E-07
   1.0621567E-07
   1.0775153E-07
   1.0827980E-07
   1.0780047E-07
   1.0732113E-07
   1.0684180E-07
   1.0636247E-07
   1.0588313E-07
   1.0540381E-07
   1.0492447E-07
   1.0444514E-07
   1.0396580E-07
   1.0348647E-07
   1.0300714E-07
   1.0252781E-07
   1.0204847E-07
   1.0156914E-07
   1.0108981E-07
   1.0061048E-07
   1.0013115E-07
   9.9651814E-08
   9.9172482E-08
   9.8693150E-08
   9.8213818E-08
   9.7734478E-08
   9.7255153E-08
   9.6775814E-08
   9.6296482E-08
   9.5817150E-08
   9.5337818E-08
   9.4858486E-08
   9.4379153E-08
   9.3899821E-08
   9.2918967E-08
   9.1938112E-08
   9.0957251E-08
   8.9976396E-08
   8.8995542E-08
   8.8014687E-08
   8.7033825E-08
   8.6052971E-08
   8.5072124E-08
   8.4091262E-08
   8.3110407E-08
   8.2129553E-08
   8.1148698E-08
   8.0167837E-08
   7.9186982E-08
   7.8206128E-08
   7.7225273E-08
   7.6244419E-08
   7.5263557E-08
   7.4282703E-08
   7.3301848E-08
   7.2320994E-08
   7.1340139E-08
   7.0359278E-08
   6.9378423E-08
   6.8397568E-08
   6.7416714E-08
   6.6435859E-08
   6.5454998E-08
   6.4474143E-08
   6.3493289E-08
   6.2895431E-08
   6.2297573E-08
   6.1699708E-08
   6.1101851E-08
   6.0503993E-08
   5.9906135E-08
   5.9308274E-08
   5.8710413E-08
   5.8112555E-08
   5.7514697E-08
   5.6916836E-08
   5.6318974E-08
   5.5721120E-08
   5.5123259E-08
   5.4525398E-08
   5.3927540E-08
   5.3329678E-08
   5.2731821E-08
   5.2133959E-08
   5.1536102E-08
   5.0938240E-08
   5.0340383E-08
   4.9742521E-08
   4.9144663E-08
   4.8546806E-08
   4.7948944E-08
   4.7351087E-08
   4.6753225E-08
   4.6155368E-08
   4.5557506E-08
