   7.9676795E-08
   8.0943508E-08
   8.2210221E-08
   8.3476927E-08
   8.4743640E-08
   8.6010346E-08
   8.7277058E-08
   8.8543764E-08
   8.9810477E-08
   9.1077190E-08
   9.2343896E-08
   9.3610609E-08
   9.4877315E-08
   9.6144028E-08
   9.7410734E-08
   9.8677440E-08
   9.9944153E-08
   1.0121087E-07
   1.0247757E-07
   1.0374428E-07
   1.0501099E-07
   1.0627770E-07
   1.0754441E-07
   1.0881112E-07
   1.1007783E-07
   1.1134454E-07
   1.1261125E-07
   1.1387796E-07
   1.1514467E-07
   1.1641138E-07
   1.1673541E-07
   1.1611676E-07
   1.1549811E-07
   1.1487946E-07
   1.1426081E-07
   1.1364216E-07
   1.1302352E-07
   1.1240486E-07
   1.1178621E-07
   1.1116757E-07
   1.1054892E-07
   1.0993026E-07
   1.0931162E-07
   1.0869297E-07
   1.0807432E-07
   1.0745567E-07
   1.0683702E-07
   1.0621837E-07
   1.0559972E-07
   1.0498108E-07
   1.0436243E-07
   1.0374377E-07
   1.0312512E-07
   1.0250648E-07
   1.0188783E-07
   1.0126918E-07
   1.0065053E-07
   1.0003188E-07
   9.9413228E-08
   9.8794580E-08
   9.8175931E-08
   9.7327401E-08
   9.6478864E-08
   9.5630334E-08
   9.4781804E-08
   9.3933274E-08
   9.3084736E-08
   9.2236199E-08
   9.1387669E-08
   9.0539146E-08
   8.9690609E-08
   8.8842071E-08
   8.7993541E-08
   8.7145011E-08
   8.6296481E-08
   8.5447944E-08
   8.4599414E-08
   8.3750876E-08
   8.2902346E-08
   8.2053816E-08
   8.1205286E-08
   8.0356749E-08
   7.9508219E-08
   7.8659689E-08
   7.7811151E-08
   7.6962621E-08
   7.6114091E-08
   7.5265554E-08
   7.4417024E-08
   7.3568494E-08
   7.2719956E-08
   7.1871426E-08
   7.1456931E-08
   7.1042436E-08
   7.0627941E-08
   7.0213453E-08
   6.9798958E-08
   6.9384463E-08
   6.8969968E-08
   6.8555472E-08
   6.8140977E-08
   6.7726489E-08
   6.7311994E-08
   6.6897499E-08
   6.6483004E-08
   6.6068509E-08
   6.5654014E-08
   6.5239519E-08
   6.4825031E-08
   6.4410536E-08
   6.3996040E-08
   6.3581545E-08
   6.3167050E-08
   6.2752555E-08
   6.2338060E-08
   6.1923572E-08
   6.1509077E-08
   6.1094582E-08
   6.0680087E-08
   6.0265592E-08
   5.9851097E-08
   5.9436605E-08
