   6.1320222E-08
   6.2685849E-08
   6.4051470E-08
   6.5417098E-08
   6.6782718E-08
   6.8148339E-08
   6.9513966E-08
   7.0879587E-08
   7.2245207E-08
   7.3610835E-08
   7.4976455E-08
   7.6342076E-08
   7.7707703E-08
   7.9073324E-08
   8.0438944E-08
   8.1804572E-08
   8.3170193E-08
   8.4535820E-08
   8.5901441E-08
   8.7267061E-08
   8.8632689E-08
   8.9998309E-08
   9.1363930E-08
   9.2729557E-08
   9.4095178E-08
   9.5460798E-08
   9.6826426E-08
   9.8192046E-08
   9.9557667E-08
   1.0092329E-07
   1.0140166E-07
   1.0099277E-07
   1.0058388E-07
   1.0017499E-07
   9.9766098E-08
   9.9357209E-08
   9.8948320E-08
   9.8539431E-08
   9.8130535E-08
   9.7721646E-08
   9.7312757E-08
   9.6903861E-08
   9.6494979E-08
   9.6086083E-08
   9.5677194E-08
   9.5268305E-08
   9.4859416E-08
   9.4450527E-08
   9.4041631E-08
   9.3632742E-08
   9.3223854E-08
   9.2814965E-08
   9.2406076E-08
   9.1997180E-08
   9.1588291E-08
   9.1179402E-08
   9.0770513E-08
   9.0361624E-08
   8.9952728E-08
   8.9543839E-08
   8.9134950E-08
   8.8171127E-08
   8.7207297E-08
   8.6243467E-08
   8.5279645E-08
   8.4315822E-08
   8.3351999E-08
   8.2388169E-08
   8.1424346E-08
   8.0460524E-08
   7.9496694E-08
   7.8532864E-08
   7.7569041E-08
   7.6605218E-08
   7.5641388E-08
   7.4677558E-08
   7.3713736E-08
   7.2749913E-08
   7.1786090E-08
   7.0822260E-08
   6.9858437E-08
   6.8894607E-08
   6.7930785E-08
   6.6966955E-08
   6.6003132E-08
   6.5039302E-08
   6.4075479E-08
   6.3111656E-08
   6.2147826E-08
   6.1184004E-08
   6.0220181E-08
   5.9256351E-08
   5.8682311E-08
   5.8108274E-08
   5.7534233E-08
   5.6960197E-08
   5.6386156E-08
   5.5812116E-08
   5.5238079E-08
   5.4664039E-08
   5.4089998E-08
   5.3515961E-08
   5.2941921E-08
   5.2367881E-08
   5.1793844E-08
   5.1219804E-08
   5.0645763E-08
   5.0071723E-08
   4.9497686E-08
   4.8923646E-08
   4.8349605E-08
   4.7775568E-08
   4.7201528E-08
   4.6627488E-08
   4.6053451E-08
   4.5479410E-08
   4.4905370E-08
   4.4331333E-08
   4.3757293E-08
   4.3183253E-08
   4.2609216E-08
   4.2035175E-08
