   7.1659727E-08
   7.2886614E-08
   7.4113501E-08
   7.5340388E-08
   7.6567268E-08
   7.7794155E-08
   7.9021035E-08
   8.0247922E-08
   8.1474802E-08
   8.2701689E-08
   8.3928569E-08
   8.5155456E-08
   8.6382343E-08
   8.7609223E-08
   8.8836110E-08
   9.0062990E-08
   9.1289877E-08
   9.2516764E-08
   9.3743644E-08
   9.4970531E-08
   9.6197411E-08
   9.7424298E-08
   9.8651185E-08
   9.9878065E-08
   1.0110495E-07
   1.0233183E-07
   1.0355872E-07
   1.0478560E-07
   1.0601249E-07
   1.0723937E-07
   1.0757016E-07
   1.0700484E-07
   1.0643953E-07
   1.0587422E-07
   1.0530891E-07
   1.0474359E-07
   1.0417828E-07
   1.0361298E-07
   1.0304766E-07
   1.0248235E-07
   1.0191704E-07
   1.0135172E-07
   1.0078642E-07
   1.0022110E-07
   9.9655786E-08
   9.9090478E-08
   9.8525163E-08
   9.7959855E-08
   9.7394540E-08
   9.6829226E-08
   9.6263918E-08
   9.5698603E-08
   9.5133295E-08
   9.4567980E-08
   9.4002672E-08
   9.3437357E-08
   9.2872043E-08
   9.2306735E-08
   9.1741420E-08
   9.1176112E-08
   9.0610797E-08
   8.9796963E-08
   8.8983121E-08
   8.8169287E-08
   8.7355453E-08
   8.6541618E-08
   8.5727777E-08
   8.4913943E-08
   8.4100108E-08
   8.3286274E-08
   8.2472432E-08
   8.1658598E-08
   8.0844764E-08
   8.0030929E-08
   7.9217088E-08
   7.8403254E-08
   7.7589419E-08
   7.6775585E-08
   7.5961744E-08
   7.5147909E-08
   7.4334075E-08
   7.3520241E-08
   7.2706399E-08
   7.1892565E-08
   7.1078730E-08
   7.0264896E-08
   6.9451055E-08
   6.8637220E-08
   6.7823386E-08
   6.7009552E-08
   6.6195710E-08
   6.5381876E-08
   6.4968539E-08
   6.4555209E-08
   6.4141879E-08
   6.3728550E-08
   6.3315220E-08
   6.2901883E-08
   6.2488553E-08
   6.2075216E-08
   6.1661886E-08
   6.1248556E-08
   6.0835220E-08
   6.0421890E-08
   6.0008560E-08
   5.9595227E-08
   5.9181893E-08
   5.8768563E-08
   5.8355230E-08
   5.7941897E-08
   5.7528567E-08
   5.7115233E-08
   5.6701900E-08
   5.6288570E-08
   5.5875237E-08
   5.5461904E-08
   5.5048574E-08
   5.4635240E-08
   5.4221907E-08
   5.3808577E-08
   5.3395244E-08
   5.2981910E-08
