   5.1860741E-08
   5.3450329E-08
   5.5039912E-08
   5.6629496E-08
   5.8219079E-08
   5.9808663E-08
   6.1398246E-08
   6.2987830E-08
   6.4577421E-08
   6.6167004E-08
   6.7756588E-08
   6.9346171E-08
   7.0935755E-08
   7.2525339E-08
   7.4114922E-08
   7.5704506E-08
   7.7294089E-08
   7.8883680E-08
   8.0473257E-08
   8.2062847E-08
   8.3652431E-08
   8.5242014E-08
   8.6831598E-08
   8.8421181E-08
   9.0010765E-08
   9.1600349E-08
   9.3189939E-08
   9.4779523E-08
   9.6369106E-08
   9.7958690E-08
   9.8665019E-08
   9.8488087E-08
   9.8311162E-08
   9.8134237E-08
   9.7957304E-08
   9.7780379E-08
   9.7603454E-08
   9.7426522E-08
   9.7249597E-08
   9.7072672E-08
   9.6895739E-08
   9.6718807E-08
   9.6541889E-08
   9.6364957E-08
   9.6188025E-08
   9.6011100E-08
   9.5834174E-08
   9.5657249E-08
   9.5480317E-08
   9.5303392E-08
   9.5126467E-08
   9.4949534E-08
   9.4772609E-08
   9.4595684E-08
   9.4418752E-08
   9.4241827E-08
   9.4064895E-08
   9.3887969E-08
   9.3711044E-08
   9.3534112E-08
   9.3357187E-08
   9.2292773E-08
   9.1228358E-08
   9.0163937E-08
   8.9099530E-08
   8.8035115E-08
   8.6970694E-08
   8.5906279E-08
   8.4841865E-08
   8.3777458E-08
   8.2713036E-08
   8.1648622E-08
   8.0584208E-08
   7.9519793E-08
   7.8455379E-08
   7.7390958E-08
   7.6326550E-08
   7.5262129E-08
   7.4197715E-08
   7.3133300E-08
   7.2068886E-08
   7.1004472E-08
   6.9940057E-08
   6.8875643E-08
   6.7811229E-08
   6.6746814E-08
   6.5682400E-08
   6.4617979E-08
   6.3553564E-08
   6.2489150E-08
   6.1424736E-08
   6.0360321E-08
   5.9865634E-08
   5.9370954E-08
   5.8876267E-08
   5.8381584E-08
   5.7886897E-08
   5.7392214E-08
   5.6897530E-08
   5.6402843E-08
   5.5908160E-08
   5.5413476E-08
   5.4918790E-08
   5.4424103E-08
   5.3929423E-08
   5.3434736E-08
   5.2940049E-08
   5.2445365E-08
   5.1950682E-08
   5.1455995E-08
   5.0961312E-08
   5.0466625E-08
   4.9971941E-08
   4.9477258E-08
   4.8982571E-08
   4.8487887E-08
   4.7993204E-08
   4.7498517E-08
   4.7003834E-08
   4.6509150E-08
   4.6014463E-08
   4.5519780E-08
