   7.5668041E-08
   7.6938882E-08
   7.8209723E-08
   7.9480564E-08
   8.0751406E-08
   8.2022247E-08
   8.3293095E-08
   8.4563929E-08
   8.5834770E-08
   8.7105619E-08
   8.8376453E-08
   8.9647301E-08
   9.0918142E-08
   9.2188984E-08
   9.3459825E-08
   9.4730666E-08
   9.6001507E-08
   9.7272348E-08
   9.8543190E-08
   9.9814031E-08
   1.0108487E-07
   1.0235571E-07
   1.0362655E-07
   1.0489740E-07
   1.0616824E-07
   1.0743908E-07
   1.0870992E-07
   1.0998076E-07
   1.1125160E-07
   1.1252245E-07
   1.1279475E-07
   1.1206852E-07
   1.1134228E-07
   1.1061605E-07
   1.0988982E-07
   1.0916358E-07
   1.0843736E-07
   1.0771112E-07
   1.0698488E-07
   1.0625865E-07
   1.0553241E-07
   1.0480618E-07
   1.0407995E-07
   1.0335371E-07
   1.0262748E-07
   1.0190125E-07
   1.0117502E-07
   1.0044878E-07
   9.9722548E-08
   9.8996317E-08
   9.8270085E-08
   9.7543847E-08
   9.6817615E-08
   9.6091384E-08
   9.5365152E-08
   9.4638914E-08
   9.3912682E-08
   9.3186451E-08
   9.2460212E-08
   9.1733980E-08
   9.1007749E-08
   9.0160810E-08
   8.9313865E-08
   8.8466919E-08
   8.7619981E-08
   8.6773042E-08
   8.5926096E-08
   8.5079151E-08
   8.4232212E-08
   8.3385274E-08
   8.2538328E-08
   8.1691383E-08
   8.0844444E-08
   7.9997506E-08
   7.9150560E-08
   7.8303614E-08
   7.7456676E-08
   7.6609737E-08
   7.5762792E-08
   7.4915853E-08
   7.4068907E-08
   7.3221969E-08
   7.2375023E-08
   7.1528085E-08
   7.0681139E-08
   6.9834201E-08
   6.8987262E-08
   6.8140317E-08
   6.7293378E-08
   6.6446432E-08
   6.5599494E-08
   6.4752548E-08
   6.4340142E-08
   6.3927736E-08
   6.3515330E-08
   6.3102931E-08
   6.2690525E-08
   6.2278119E-08
   6.1865713E-08
   6.1453306E-08
   6.1040900E-08
   6.0628494E-08
   6.0216088E-08
   5.9803682E-08
   5.9391279E-08
   5.8978873E-08
   5.8566467E-08
   5.8154061E-08
   5.7741655E-08
   5.7329249E-08
   5.6916846E-08
   5.6504440E-08
   5.6092034E-08
   5.5679628E-08
   5.5267225E-08
   5.4854819E-08
   5.4442413E-08
   5.4030007E-08
   5.3617601E-08
   5.3205198E-08
   5.2792792E-08
   5.2380386E-08
