   6.5536398E-08
   6.6782455E-08
   6.8028505E-08
   6.9274563E-08
   7.0520620E-08
   7.1766678E-08
   7.3012735E-08
   7.4258786E-08
   7.5504843E-08
   7.6750901E-08
   7.7996958E-08
   7.9243009E-08
   8.0489066E-08
   8.1735124E-08
   8.2981181E-08
   8.4227231E-08
   8.5473289E-08
   8.6719346E-08
   8.7965404E-08
   8.9211461E-08
   9.0457519E-08
   9.1703569E-08
   9.2949627E-08
   9.4195684E-08
   9.5441742E-08
   9.6687792E-08
   9.7933849E-08
   9.9179907E-08
   1.0042596E-07
   1.0167202E-07
   1.0196676E-07
   1.0131019E-07
   1.0065362E-07
   9.9997060E-08
   9.9340490E-08
   9.8683913E-08
   9.8027350E-08
   9.7370780E-08
   9.6714210E-08
   9.6057640E-08
   9.5401070E-08
   9.4744500E-08
   9.4087937E-08
   9.3431368E-08
   9.2774791E-08
   9.2118228E-08
   9.1461658E-08
   9.0805088E-08
   9.0148518E-08
   8.9491955E-08
   8.8835385E-08
   8.8178815E-08
   8.7522245E-08
   8.6865676E-08
   8.6209106E-08
   8.5552536E-08
   8.4895973E-08
   8.4239403E-08
   8.3582833E-08
   8.2926263E-08
   8.2269693E-08
   8.1292583E-08
   8.0315473E-08
   7.9338356E-08
   7.8361246E-08
   7.7384144E-08
   7.6407026E-08
   7.5429917E-08
   7.4452807E-08
   7.3475697E-08
   7.2498580E-08
   7.1521470E-08
   7.0544360E-08
   6.9567250E-08
   6.8590140E-08
   6.7613023E-08
   6.6635913E-08
   6.5658803E-08
   6.4681693E-08
   6.3704583E-08
   6.2727473E-08
   6.1750363E-08
   6.0773253E-08
   5.9796136E-08
   5.8819026E-08
   5.7841916E-08
   5.6864806E-08
   5.5887693E-08
   5.4910583E-08
   5.3933473E-08
   5.2956363E-08
   5.1979249E-08
   5.1573334E-08
   5.1167419E-08
   5.0761503E-08
   5.0355588E-08
   4.9949673E-08
   4.9543754E-08
   4.9137842E-08
   4.8731923E-08
   4.8326008E-08
   4.7920096E-08
   4.7514177E-08
   4.7108262E-08
   4.6702347E-08
   4.6296432E-08
   4.5890516E-08
   4.5484601E-08
   4.5078686E-08
   4.4672767E-08
   4.4266855E-08
   4.3860936E-08
   4.3455021E-08
   4.3049106E-08
   4.2643190E-08
   4.2237275E-08
   4.1831360E-08
   4.1425444E-08
   4.1019529E-08
   4.0613614E-08
   4.0207699E-08
   3.9801780E-08
