   7.0236631E-08
   7.1596794E-08
   7.2956958E-08
   7.4317128E-08
   7.5677292E-08
   7.7037456E-08
   7.8397619E-08
   7.9757783E-08
   8.1117946E-08
   8.2478117E-08
   8.3838273E-08
   8.5198444E-08
   8.6558607E-08
   8.7918771E-08
   8.9278934E-08
   9.0639098E-08
   9.1999262E-08
   9.3359425E-08
   9.4719589E-08
   9.6079759E-08
   9.7439923E-08
   9.8800086E-08
   1.0016025E-07
   1.0152041E-07
   1.0288058E-07
   1.0424074E-07
   1.0560091E-07
   1.0696107E-07
   1.0832124E-07
   1.0968140E-07
   1.1003377E-07
   1.0937833E-07
   1.0872288E-07
   1.0806745E-07
   1.0741201E-07
   1.0675656E-07
   1.0610113E-07
   1.0544569E-07
   1.0479024E-07
   1.0413481E-07
   1.0347937E-07
   1.0282392E-07
   1.0216849E-07
   1.0151305E-07
   1.0085760E-07
   1.0020216E-07
   9.9546725E-08
   9.8891284E-08
   9.8235844E-08
   9.7580404E-08
   9.6924964E-08
   9.6269524E-08
   9.5614084E-08
   9.4958644E-08
   9.4303203E-08
   9.3647763E-08
   9.2992323E-08
   9.2336883E-08
   9.1681443E-08
   9.1026003E-08
   9.0370563E-08
   8.9342755E-08
   8.8314941E-08
   8.7287134E-08
   8.6259327E-08
   8.5231520E-08
   8.4203705E-08
   8.3175891E-08
   8.2148084E-08
   8.1120284E-08
   8.0092470E-08
   7.9064655E-08
   7.8036848E-08
   7.7009041E-08
   7.5981234E-08
   7.4953419E-08
   7.3925612E-08
   7.2897798E-08
   7.1869991E-08
   7.0842184E-08
   6.9814377E-08
   6.8786562E-08
   6.7758755E-08
   6.6730948E-08
   6.5703134E-08
   6.4675326E-08
   6.3647519E-08
   6.2619705E-08
   6.1591898E-08
   6.0564091E-08
   5.9536280E-08
   5.8508469E-08
   5.8044357E-08
   5.7580245E-08
   5.7116132E-08
   5.6652024E-08
   5.6187911E-08
   5.5723799E-08
   5.5259687E-08
   5.4795574E-08
   5.4331462E-08
   5.3867350E-08
   5.3403237E-08
   5.2939125E-08
   5.2475016E-08
   5.2010900E-08
   5.1546788E-08
   5.1082679E-08
   5.0618567E-08
   5.0154455E-08
   4.9690343E-08
   4.9226230E-08
   4.8762118E-08
   4.8298006E-08
   4.7833893E-08
   4.7369781E-08
   4.6905672E-08
   4.6441560E-08
   4.5977448E-08
   4.5513335E-08
   4.5049223E-08
   4.4585111E-08
