   7.6076930E-08
   7.7448156E-08
   7.8819376E-08
   8.0190595E-08
   8.1561815E-08
   8.2933035E-08
   8.4304261E-08
   8.5675474E-08
   8.7046701E-08
   8.8417920E-08
   8.9789140E-08
   9.1160359E-08
   9.2531586E-08
   9.3902806E-08
   9.5274025E-08
   9.6645245E-08
   9.8016464E-08
   9.9387691E-08
   1.0075891E-07
   1.0213013E-07
   1.0350135E-07
   1.0487257E-07
   1.0624379E-07
   1.0761502E-07
   1.0898624E-07
   1.1035745E-07
   1.1172867E-07
   1.1309989E-07
   1.1447112E-07
   1.1584234E-07
   1.1620649E-07
   1.1556355E-07
   1.1492062E-07
   1.1427769E-07
   1.1363475E-07
   1.1299182E-07
   1.1234889E-07
   1.1170596E-07
   1.1106302E-07
   1.1042010E-07
   1.0977716E-07
   1.0913423E-07
   1.0849130E-07
   1.0784837E-07
   1.0720543E-07
   1.0656250E-07
   1.0591958E-07
   1.0527664E-07
   1.0463371E-07
   1.0399078E-07
   1.0334784E-07
   1.0270492E-07
   1.0206198E-07
   1.0141905E-07
   1.0077612E-07
   1.0013319E-07
   9.9490258E-08
   9.8847323E-08
   9.8204389E-08
   9.7561461E-08
   9.6918527E-08
   9.6068121E-08
   9.5217707E-08
   9.4367294E-08
   9.3516888E-08
   9.2666482E-08
   9.1816069E-08
   9.0965656E-08
   9.0115250E-08
   8.9264844E-08
   8.8414438E-08
   8.7564025E-08
   8.6713619E-08
   8.5863213E-08
   8.5012800E-08
   8.4162387E-08
   8.3311981E-08
   8.2461568E-08
   8.1611162E-08
   8.0760749E-08
   7.9910343E-08
   7.9059930E-08
   7.8209524E-08
   7.7359118E-08
   7.6508705E-08
   7.5658299E-08
   7.4807886E-08
   7.3957480E-08
   7.3107067E-08
   7.2256661E-08
   7.1406255E-08
   7.0555842E-08
   7.0105720E-08
   6.9655599E-08
   6.9205477E-08
   6.8755355E-08
   6.8305233E-08
   6.7855112E-08
   6.7404990E-08
   6.6954868E-08
   6.6504739E-08
   6.6054625E-08
   6.5604496E-08
   6.5154374E-08
   6.4704253E-08
   6.4254131E-08
   6.3804009E-08
   6.3353887E-08
   6.2903766E-08
   6.2453644E-08
   6.2003522E-08
   6.1553401E-08
   6.1103279E-08
   6.0653157E-08
   6.0203035E-08
   5.9752907E-08
   5.9302788E-08
   5.8852667E-08
   5.8402541E-08
   5.7952420E-08
   5.7502298E-08
   5.7052176E-08
