   6.7118101E-08
   6.8520791E-08
   6.9923473E-08
   7.1326170E-08
   7.2728852E-08
   7.4131542E-08
   7.5534231E-08
   7.6936914E-08
   7.8339603E-08
   7.9742293E-08
   8.1144982E-08
   8.2547672E-08
   8.3950361E-08
   8.5353044E-08
   8.6755733E-08
   8.8158423E-08
   8.9561112E-08
   9.0963802E-08
   9.2366484E-08
   9.3769174E-08
   9.5171863E-08
   9.6574553E-08
   9.7977242E-08
   9.9379932E-08
   1.0078261E-07
   1.0218530E-07
   1.0358799E-07
   1.0499068E-07
   1.0639337E-07
   1.0779606E-07
   1.0837613E-07
   1.0813356E-07
   1.0789100E-07
   1.0764845E-07
   1.0740589E-07
   1.0716332E-07
   1.0692077E-07
   1.0667821E-07
   1.0643565E-07
   1.0619309E-07
   1.0595053E-07
   1.0570797E-07
   1.0546542E-07
   1.0522285E-07
   1.0498029E-07
   1.0473774E-07
   1.0449518E-07
   1.0425262E-07
   1.0401006E-07
   1.0376750E-07
   1.0352495E-07
   1.0328238E-07
   1.0303982E-07
   1.0279727E-07
   1.0255471E-07
   1.0231215E-07
   1.0206959E-07
   1.0182703E-07
   1.0158447E-07
   1.0134191E-07
   1.0109935E-07
   1.0021803E-07
   9.9336695E-08
   9.8455367E-08
   9.7574038E-08
   9.6692716E-08
   9.5811387E-08
   9.4930051E-08
   9.4048730E-08
   9.3167401E-08
   9.2286072E-08
   9.1404743E-08
   9.0523415E-08
   8.9642093E-08
   8.8760757E-08
   8.7879428E-08
   8.6998106E-08
   8.6116778E-08
   8.5235449E-08
   8.4354120E-08
   8.3472791E-08
   8.2591463E-08
   8.1710134E-08
   8.0828805E-08
   7.9947476E-08
   7.9066147E-08
   7.8184826E-08
   7.7303497E-08
   7.6422168E-08
   7.5540839E-08
   7.4659511E-08
   7.3778182E-08
   7.3187870E-08
   7.2597565E-08
   7.2007253E-08
   7.1416949E-08
   7.0826637E-08
   7.0236325E-08
   6.9646013E-08
   6.9055702E-08
   6.8465397E-08
   6.7875085E-08
   6.7284773E-08
   6.6694469E-08
   6.6104157E-08
   6.5513845E-08
   6.4923533E-08
   6.4333229E-08
   6.3742917E-08
   6.3152605E-08
   6.2562300E-08
   6.1971988E-08
   6.1381677E-08
   6.0791372E-08
   6.0201060E-08
   5.9610748E-08
   5.9020440E-08
   5.8430128E-08
   5.7839820E-08
   5.7249512E-08
   5.6659200E-08
   5.6068892E-08
