   7.7132590E-08
   7.8193608E-08
   7.9254626E-08
   8.0315651E-08
   8.1376669E-08
   8.2437687E-08
   8.3498705E-08
   8.4559723E-08
   8.5620741E-08
   8.6681759E-08
   8.7742777E-08
   8.8803795E-08
   8.9864812E-08
   9.0925830E-08
   9.1986848E-08
   9.3047866E-08
   9.4108884E-08
   9.5169909E-08
   9.6230920E-08
   9.7291945E-08
   9.8352963E-08
   9.9413981E-08
   1.0047500E-07
   1.0153602E-07
   1.0259703E-07
   1.0365805E-07
   1.0471907E-07
   1.0578009E-07
   1.0684111E-07
   1.0790213E-07
   1.0812122E-07
   1.0749838E-07
   1.0687554E-07
   1.0625271E-07
   1.0562987E-07
   1.0500703E-07
   1.0438419E-07
   1.0376135E-07
   1.0313851E-07
   1.0251568E-07
   1.0189284E-07
   1.0127000E-07
   1.0064716E-07
   1.0002432E-07
   9.9401483E-08
   9.8778649E-08
   9.8155809E-08
   9.7532975E-08
   9.6910135E-08
   9.6287295E-08
   9.5664461E-08
   9.5041621E-08
   9.4418780E-08
   9.3795947E-08
   9.3173107E-08
   9.2550266E-08
   9.1927433E-08
   9.1304592E-08
   9.0681752E-08
   9.0058919E-08
   8.9436078E-08
   8.8669651E-08
   8.7903217E-08
   8.7136783E-08
   8.6370349E-08
   8.5603922E-08
   8.4837488E-08
   8.4071054E-08
   8.3304627E-08
   8.2538193E-08
   8.1771759E-08
   8.1005325E-08
   8.0238898E-08
   7.9472471E-08
   7.8706037E-08
   7.7939603E-08
   7.7173169E-08
   7.6406735E-08
   7.5640308E-08
   7.4873874E-08
   7.4107447E-08
   7.3341013E-08
   7.2574579E-08
   7.1808145E-08
   7.1041718E-08
   7.0275284E-08
   6.9508850E-08
   6.8742423E-08
   6.7975989E-08
   6.7209555E-08
   6.6443128E-08
   6.5676694E-08
   6.5178206E-08
   6.4679718E-08
   6.4181229E-08
   6.3682741E-08
   6.3184252E-08
   6.2685764E-08
   6.2187276E-08
   6.1688787E-08
   6.1190299E-08
   6.0691811E-08
   6.0193322E-08
   5.9694834E-08
   5.9196346E-08
   5.8697854E-08
   5.8199365E-08
   5.7700877E-08
   5.7202389E-08
   5.6703900E-08
   5.6205412E-08
   5.5706924E-08
   5.5208435E-08
   5.4709947E-08
   5.4211458E-08
   5.3712967E-08
   5.3214478E-08
   5.2715990E-08
   5.2217501E-08
   5.1719013E-08
   5.1220525E-08
   5.0722036E-08
