   7.9164394E-08
   8.0324270E-08
   8.1484139E-08
   8.2644014E-08
   8.3803883E-08
   8.4963752E-08
   8.6123627E-08
   8.7283496E-08
   8.8443372E-08
   8.9603240E-08
   9.0763109E-08
   9.1922985E-08
   9.3082861E-08
   9.4242729E-08
   9.5402598E-08
   9.6562466E-08
   9.7722342E-08
   9.8882211E-08
   1.0004209E-07
   1.0120196E-07
   1.0236183E-07
   1.0352170E-07
   1.0468157E-07
   1.0584144E-07
   1.0700131E-07
   1.0816119E-07
   1.0932106E-07
   1.1048093E-07
   1.1164080E-07
   1.1280067E-07
   1.1315532E-07
   1.1270475E-07
   1.1225418E-07
   1.1180362E-07
   1.1135305E-07
   1.1090248E-07
   1.1045191E-07
   1.1000134E-07
   1.0955077E-07
   1.0910020E-07
   1.0864963E-07
   1.0819906E-07
   1.0774849E-07
   1.0729792E-07
   1.0684735E-07
   1.0639679E-07
   1.0594622E-07
   1.0549565E-07
   1.0504508E-07
   1.0459451E-07
   1.0414394E-07
   1.0369337E-07
   1.0324280E-07
   1.0279224E-07
   1.0234167E-07
   1.0189110E-07
   1.0144053E-07
   1.0098996E-07
   1.0053939E-07
   1.0008882E-07
   9.9638250E-08
   9.8976194E-08
   9.8314125E-08
   9.7652062E-08
   9.6990007E-08
   9.6327945E-08
   9.5665882E-08
   9.5003820E-08
   9.4341758E-08
   9.3679702E-08
   9.3017633E-08
   9.2355570E-08
   9.1693515E-08
   9.1031453E-08
   9.0369390E-08
   8.9707328E-08
   8.9045265E-08
   8.8383203E-08
   8.7721141E-08
   8.7059078E-08
   8.6397023E-08
   8.5734960E-08
   8.5072898E-08
   8.4410836E-08
   8.3748773E-08
   8.3086711E-08
   8.2424648E-08
   8.1762586E-08
   8.1100531E-08
   8.0438468E-08
   7.9776406E-08
   7.9114344E-08
   7.8713057E-08
   7.8311786E-08
   7.7910499E-08
   7.7509220E-08
   7.7107941E-08
   7.6706655E-08
   7.6305376E-08
   7.5904097E-08
   7.5502811E-08
   7.5101532E-08
   7.4700253E-08
   7.4298967E-08
   7.3897688E-08
   7.3496409E-08
   7.3095123E-08
   7.2693844E-08
   7.2292565E-08
   7.1891279E-08
   7.1490000E-08
   7.1088721E-08
   7.0687435E-08
   7.0286156E-08
   6.9884877E-08
   6.9483590E-08
   6.9082311E-08
   6.8681032E-08
   6.8279753E-08
   6.7878467E-08
   6.7477188E-08
   6.7075909E-08
