   7.3206891E-08
   7.4641072E-08
   7.6075246E-08
   7.7509426E-08
   7.8943607E-08
   8.0377781E-08
   8.1811962E-08
   8.3246135E-08
   8.4680309E-08
   8.6114490E-08
   8.7548663E-08
   8.8982844E-08
   9.0417025E-08
   9.1851199E-08
   9.3285372E-08
   9.4719553E-08
   9.6153727E-08
   9.7587908E-08
   9.9022081E-08
   1.0045626E-07
   1.0189044E-07
   1.0332462E-07
   1.0475879E-07
   1.0619297E-07
   1.0762714E-07
   1.0906133E-07
   1.1049550E-07
   1.1192968E-07
   1.1336385E-07
   1.1479803E-07
   1.1527953E-07
   1.1480832E-07
   1.1433712E-07
   1.1386593E-07
   1.1339473E-07
   1.1292352E-07
   1.1245233E-07
   1.1198113E-07
   1.1150993E-07
   1.1103874E-07
   1.1056754E-07
   1.1009634E-07
   1.0962514E-07
   1.0915394E-07
   1.0868274E-07
   1.0821154E-07
   1.0774035E-07
   1.0726915E-07
   1.0679795E-07
   1.0632675E-07
   1.0585556E-07
   1.0538436E-07
   1.0491316E-07
   1.0444196E-07
   1.0397076E-07
   1.0349956E-07
   1.0302836E-07
   1.0255717E-07
   1.0208597E-07
   1.0161477E-07
   1.0114357E-07
   1.0026418E-07
   9.9384785E-08
   9.8505389E-08
   9.7625993E-08
   9.6746604E-08
   9.5867208E-08
   9.4987811E-08
   9.4108422E-08
   9.3229026E-08
   9.2349630E-08
   9.1470234E-08
   9.0590845E-08
   8.9711456E-08
   8.8832060E-08
   8.7952657E-08
   8.7073268E-08
   8.6193872E-08
   8.5314483E-08
   8.4435086E-08
   8.3555697E-08
   8.2676301E-08
   8.1796905E-08
   8.0917509E-08
   8.0038120E-08
   7.9158724E-08
   7.8279328E-08
   7.7399939E-08
   7.6520543E-08
   7.5641147E-08
   7.4761758E-08
   7.3882362E-08
   7.3358642E-08
   7.2834922E-08
   7.2311202E-08
   7.1787490E-08
   7.1263770E-08
   7.0740043E-08
   7.0216331E-08
   6.9692611E-08
   6.9168891E-08
   6.8645171E-08
   6.8121452E-08
   6.7597732E-08
   6.7074012E-08
   6.6550292E-08
   6.6026573E-08
   6.5502853E-08
   6.4979133E-08
   6.4455413E-08
   6.3931701E-08
   6.3407981E-08
   6.2884261E-08
   6.2360542E-08
   6.1836822E-08
   6.1313102E-08
   6.0789382E-08
   6.0265663E-08
   5.9741943E-08
   5.9218227E-08
   5.8694507E-08
   5.8170787E-08
