   6.2238925E-08
   6.3631866E-08
   6.5024800E-08
   6.6417734E-08
   6.7810667E-08
   6.9203608E-08
   7.0596542E-08
   7.1989476E-08
   7.3382409E-08
   7.4775350E-08
   7.6168284E-08
   7.7561218E-08
   7.8954159E-08
   8.0347093E-08
   8.1740026E-08
   8.3132960E-08
   8.4525894E-08
   8.5918835E-08
   8.7311768E-08
   8.8704702E-08
   9.0097643E-08
   9.1490577E-08
   9.2883511E-08
   9.4276444E-08
   9.5669378E-08
   9.7062319E-08
   9.8455253E-08
   9.9848187E-08
   1.0124113E-07
   1.0263406E-07
   1.0315748E-07
   1.0281137E-07
   1.0246526E-07
   1.0211916E-07
   1.0177305E-07
   1.0142695E-07
   1.0108085E-07
   1.0073474E-07
   1.0038863E-07
   1.0004253E-07
   9.9696429E-08
   9.9350316E-08
   9.9004218E-08
   9.8658113E-08
   9.8312007E-08
   9.7965902E-08
   9.7619797E-08
   9.7273691E-08
   9.6927586E-08
   9.6581481E-08
   9.6235375E-08
   9.5889270E-08
   9.5543164E-08
   9.5197066E-08
   9.4850961E-08
   9.4504855E-08
   9.4158750E-08
   9.3812645E-08
   9.3466539E-08
   9.3120434E-08
   9.2774329E-08
   9.1780102E-08
   9.0785875E-08
   8.9791641E-08
   8.8797414E-08
   8.7803187E-08
   8.6808960E-08
   8.5814726E-08
   8.4820499E-08
   8.3826279E-08
   8.2832045E-08
   8.1837818E-08
   8.0843591E-08
   7.9849364E-08
   7.8855130E-08
   7.7860904E-08
   7.6866677E-08
   7.5872450E-08
   7.4878223E-08
   7.3883989E-08
   7.2889762E-08
   7.1895535E-08
   7.0901308E-08
   6.9907081E-08
   6.8912847E-08
   6.7918620E-08
   6.6924393E-08
   6.5930166E-08
   6.4935939E-08
   6.3941705E-08
   6.2947478E-08
   6.1953251E-08
   6.1290393E-08
   6.0627542E-08
   5.9964684E-08
   5.9301829E-08
   5.8638971E-08
   5.7976116E-08
   5.7313262E-08
   5.6650403E-08
   5.5987549E-08
   5.5324694E-08
   5.4661836E-08
   5.3998978E-08
   5.3336127E-08
   5.2673268E-08
   5.2010410E-08
   5.1347556E-08
   5.0684701E-08
   5.0021843E-08
   4.9358988E-08
   4.8696130E-08
   4.8033275E-08
   4.7370420E-08
   4.6707562E-08
   4.6044708E-08
   4.5381853E-08
   4.4718995E-08
   4.4056140E-08
   4.3393285E-08
   4.2730427E-08
   4.2067573E-08
