   8.2575554E-08
   8.3929599E-08
   8.5283638E-08
   8.6637684E-08
   8.7991722E-08
   8.9345761E-08
   9.0699807E-08
   9.2053845E-08
   9.3407884E-08
   9.4761930E-08
   9.6115969E-08
   9.7470007E-08
   9.8824053E-08
   1.0017809E-07
   1.0153213E-07
   1.0288617E-07
   1.0424021E-07
   1.0559425E-07
   1.0694829E-07
   1.0830234E-07
   1.0965638E-07
   1.1101042E-07
   1.1236446E-07
   1.1371850E-07
   1.1507254E-07
   1.1642658E-07
   1.1778062E-07
   1.1913466E-07
   1.2048871E-07
   1.2184275E-07
   1.2220887E-07
   1.2158706E-07
   1.2096527E-07
   1.2034347E-07
   1.1972166E-07
   1.1909987E-07
   1.1847807E-07
   1.1785627E-07
   1.1723446E-07
   1.1661267E-07
   1.1599086E-07
   1.1536906E-07
   1.1474727E-07
   1.1412547E-07
   1.1350367E-07
   1.1288187E-07
   1.1226007E-07
   1.1163827E-07
   1.1101647E-07
   1.1039467E-07
   1.0977287E-07
   1.0915107E-07
   1.0852927E-07
   1.0790747E-07
   1.0728567E-07
   1.0666388E-07
   1.0604207E-07
   1.0542028E-07
   1.0479847E-07
   1.0417668E-07
   1.0355487E-07
   1.0266295E-07
   1.0177103E-07
   1.0087911E-07
   9.9987183E-08
   9.9095260E-08
   9.8203337E-08
   9.7311414E-08
   9.6419491E-08
   9.5527568E-08
   9.4635645E-08
   9.3743722E-08
   9.2851799E-08
   9.1959876E-08
   9.1067953E-08
   9.0176030E-08
   8.9284107E-08
   8.8392184E-08
   8.7500261E-08
   8.6608338E-08
   8.5716415E-08
   8.4824492E-08
   8.3932569E-08
   8.3040646E-08
   8.2148723E-08
   8.1256800E-08
   8.0364877E-08
   7.9472954E-08
   7.8581031E-08
   7.7689108E-08
   7.6797185E-08
   7.5905263E-08
   7.5390297E-08
   7.4875331E-08
   7.4360365E-08
   7.3845406E-08
   7.3330433E-08
   7.2815467E-08
   7.2300509E-08
   7.1785536E-08
   7.1270570E-08
   7.0755611E-08
   7.0240645E-08
   6.9725679E-08
   6.9210714E-08
   6.8695748E-08
   6.8180782E-08
   6.7665816E-08
   6.7150850E-08
   6.6635884E-08
   6.6120919E-08
   6.5605953E-08
   6.5090987E-08
   6.4576021E-08
   6.4061055E-08
   6.3546089E-08
   6.3031123E-08
   6.2516158E-08
   6.2001192E-08
   6.1486226E-08
   6.0971260E-08
   6.0456294E-08
