   5.4209291E-08
   5.5904870E-08
   5.7600449E-08
   5.9296031E-08
   6.0991610E-08
   6.2687185E-08
   6.4382768E-08
   6.6078343E-08
   6.7773925E-08
   6.9469507E-08
   7.1165083E-08
   7.2860665E-08
   7.4556240E-08
   7.6251816E-08
   7.7947398E-08
   7.9642973E-08
   8.1338555E-08
   8.3034138E-08
   8.4729713E-08
   8.6425295E-08
   8.8120871E-08
   8.9816453E-08
   9.1512028E-08
   9.3207611E-08
   9.4903186E-08
   9.6598768E-08
   9.8294350E-08
   9.9989926E-08
   1.0168551E-07
   1.0338108E-07
   1.0415906E-07
   1.0401944E-07
   1.0387981E-07
   1.0374020E-07
   1.0360057E-07
   1.0346095E-07
   1.0332133E-07
   1.0318170E-07
   1.0304208E-07
   1.0290245E-07
   1.0276283E-07
   1.0262321E-07
   1.0248359E-07
   1.0234397E-07
   1.0220434E-07
   1.0206472E-07
   1.0192510E-07
   1.0178547E-07
   1.0164585E-07
   1.0150623E-07
   1.0136661E-07
   1.0122698E-07
   1.0108736E-07
   1.0094774E-07
   1.0080812E-07
   1.0066849E-07
   1.0052887E-07
   1.0038924E-07
   1.0024962E-07
   1.0011000E-07
   9.9970379E-08
   9.8886332E-08
   9.7802278E-08
   9.6718225E-08
   9.5634178E-08
   9.4550131E-08
   9.3466078E-08
   9.2382024E-08
   9.1297977E-08
   9.0213931E-08
   8.9129877E-08
   8.8045823E-08
   8.6961776E-08
   8.5877730E-08
   8.4793676E-08
   8.3709622E-08
   8.2625576E-08
   8.1541529E-08
   8.0457475E-08
   7.9373429E-08
   7.8289375E-08
   7.7205328E-08
   7.6121275E-08
   7.5037228E-08
   7.3953174E-08
   7.2869128E-08
   7.1785081E-08
   7.0701027E-08
   6.9616981E-08
   6.8532927E-08
   6.7448880E-08
   6.6364827E-08
   6.5810859E-08
   6.5256899E-08
   6.4702931E-08
   6.4148971E-08
   6.3595003E-08
   6.3041036E-08
   6.2487075E-08
   6.1933108E-08
   6.1379140E-08
   6.0825180E-08
   6.0271212E-08
   5.9717252E-08
   5.9163284E-08
   5.8609320E-08
   5.8055353E-08
   5.7501389E-08
   5.6947425E-08
   5.6393461E-08
   5.5839493E-08
   5.5285529E-08
   5.4731565E-08
   5.4177601E-08
   5.3623634E-08
   5.3069670E-08
   5.2515706E-08
   5.1961742E-08
   5.1407774E-08
   5.0853810E-08
   5.0299846E-08
   4.9745882E-08
