0.0
5.99630069732666
1.0556868314743042
0.0
0.0
0.0
0.0
0.0
0.0
0.0
0.0
0.0
0.0
0.612350583076477
2.253091812133789
0.0
0.0
0.0
0.7677079439163208
0.0
5.127379417419434
0.0
7.938764572143555
0.0
0.0
0.0
1.6021180152893066
1.7892967462539673
0.0
5.15175199508667
0.0
0.0
0.0
0.0
1.1008641719818115
0.0
0.0
1.0821868181228638
21.53527069091797
1.5201889276504517
0.1586684286594391
0.0
0.3173368573188782
5.6477227210998535
3.0210564136505127
1.349318265914917
2.049593448638916
1.9703248739242554
0.4780067801475525
0.6289753317832947
0.0
0.9270435571670532
0.6991563439369202
0.0
0.0
12.533413887023926
60.03031921386719
14.267621994018555
9.752111434936523
0.2460746169090271
0.37592625617980957
0.3322997987270355
0.0
0.0
0.0
0.0
0.766232967376709
8.06568717956543
8.752845764160156
15.397172927856445
28.237051010131836
0.6648068428039551
0.28970110416412354
0.6701555252075195
28.123104095458984
17.307754516601562
0.0
2.4357454776763916
6.760524272918701
22.726999282836914
0.4780067801475525
0.0
0.0
0.0
0.11588044464588165
0.0
0.0
0.0
0.0
0.0
0.0
0.0
0.0
0.0
0.0
0.0
0.0
0.0
0.0
0.0
0.0
0.0
0.0
0.0
0.0
0.0
0.0
0.0
0.0
0.0
0.0
0.0
0.0
0.0
0.0
0.0
0.0
0.0
0.0
0.0
0.0
0.0
0.0
0.0
0.0
0.0
0.0
0.0
0.0
0.0
0.0
0.0
0.0
0.0
0.0
0.0
2.99815034866333
0.0
0.33781978487968445
0.0
19.342092514038086
3.408395528793335
1.6100683212280273
16.46826934814453
31.554994583129883
2.1164371967315674
0.0
0.0
1.840553879737854
11.375245094299316
0.0
0.0
0.0
0.0
0.0
0.0
0.0
1.3645485639572144
10.259217262268066
4.145488739013672
2.985377073287964
0.18830570578575134
0.0
0.0
0.6952826380729675
0.0
0.0
2.026918649673462
0.7298747301101685
15.353466033935547
17.98778533935547
12.753342628479004
2.601076364517212
3.3194003105163574
19.898921966552734
28.788204193115234
119.30956268310547
49.54527282714844
13.587162017822266
31.979854583740234
6.456517219543457
35.252628326416016
13.485106468200684
21.54424285888672
14.42421817779541
2.8447866439819336
14.240859985351562
15.035624504089355
10.017412185668945
8.467096328735352
1.8029330968856812
6.26668119430542
3.783346652984619
4.18715238571167
3.081885576248169
0.2310756891965866
0.0
0.0
0.0
0.0
0.3621263802051544
0.25386950373649597
0.0
0.0
0.0
0.0
0.0
0.0
0.0
0.0
0.0
0.0
0.0
0.0
0.0
0.41253793239593506
0.0
0.0
0.0
0.17330676317214966
0.0
0.0
0.0
0.0
0.0
0.0
0.0
0.0
0.0
0.0
0.0
0.0
0.0
0.0
0.0
0.0
0.0
0.0
0.0
0.0
0.0
0.0
0.0
0.0
0.0
0.0
0.0
0.0
0.0
0.0
0.0
0.0
0.0
0.0
0.0
0.0
0.0
0.0
12.344404220581055
23.91501235961914
0.0
0.6346737146377563
30.298059463500977
8.22232723236084
12.595129013061523
8.288870811462402
4.168923377990723
2.469207525253296
13.599705696105957
1.85043203830719
2.0206234455108643
0.30970609188079834
0.3531612753868103
2.6458165645599365
5.609058380126953
77.742919921875
0.0
0.28884461522102356
1.8683441877365112
0.1586684286594391
5.8448805809021
4.809690952301025
11.028315544128418
5.055590629577637
0.9115554094314575
0.3900687098503113
5.70313835144043
2.1386561393737793
2.788558006286621
0.9727068543434143
3.419816017150879
0.0
7.052210807800293
12.235605239868164
21.780452728271484
0.0
0.0
0.0
0.29732465744018555
0.0
0.33781978487968445
8.686399459838867
3.0128912925720215
8.114174842834473
1.8734420537948608
10.086995124816895
5.517991542816162
13.209432601928711
60.97943878173828
7.9987969398498535
3.933868169784546
6.416071891784668
6.314516544342041
6.4580912590026855
66.36421966552734
15.540861129760742
0.9979559779167175
2.9949939250946045
2.2401809692382812
0.9182183146476746
1.975982666015625
68.68681335449219
33.70988082885742
6.017282009124756
17.699708938598633
18.96181869506836
0.0
0.0
0.0
0.5427141189575195
6.457071781158447
2.000232696533203
8.367025375366211
0.0
0.15019918978214264
0.0
8.294596672058105
52.39034652709961
17.24997901916504
21.359209060668945
50.21475601196289
4.096064567565918
0.4055815041065216
0.0
0.5918857455253601
6.201606273651123
0.28884461522102356
0.0
0.0
0.0
0.0
0.0
0.0
0.0
0.0
0.0
0.0
0.0
0.0
0.0
0.0
0.0
0.0
0.0
0.0
0.0
0.0
0.0
0.0
0.0
0.0
0.0
0.0
0.0
0.28970110416412354
0.0
2.0513010025024414
4.402599334716797
4.771343231201172
0.0
0.0
0.0
0.0
8.76965045928955
0.0
0.0
0.0
0.0
0.7600944638252258
3.307631015777588
0.21113735437393188
0.0
0.0
0.15019918978214264
0.0
0.0
2.3108606338500977
7.831523418426514
0.0
14.223910331726074
28.547487258911133
31.080305099487305
0.0
0.0
2.651855707168579
15.286882400512695
27.409788131713867
40.656593322753906
2.9666435718536377
14.039015769958496
0.0
1.392419457435608
0.26890629529953003
0.15019918978214264
4.994236469268799
3.112583637237549
13.657532691955566
0.29539233446121216
0.956013560295105
0.0
2.913695812225342
0.9712318181991577
2.9424619674682617
4.9282989501953125
3.231633424758911
30.624238967895508
0.0
0.3331562578678131
4.157466888427734
2.76418137550354
0.0
0.0
1.1823692321777344
0.0
0.0
115.86042785644531
91.81358337402344
17.37874412536621
19.80937385559082
14.590715408325195
3.132786273956299
5.242188930511475
0.0
0.0
0.0
0.48335543274879456
0.3331562578678131
3.837014675140381
0.6334121227264404
0.0
0.0
0.0
0.0
0.41024506092071533
2.5352463722229004
0.0
0.0
0.0
0.0
21.10259437561035
17.320695877075195
6.418575763702393
3.942680835723877
45.4378776550293
61.10406494140625
24.8815975189209
14.637451171875
10.857992172241211
6.145947456359863
10.321053504943848
10.079832077026367
17.464624404907227
0.21113735437393188
0.4055815041065216
0.0
0.0
0.0
0.0
0.0
0.0
0.0
10.119356155395508
1.6395812034606934
0.0
0.0
0.0
20.759490966796875
46.90768051147461
0.0
0.0
0.0
0.0
0.0
0.0
0.0
0.0
0.0
0.0
22.055063247680664
24.575271606445312
5.0854644775390625
0.0
0.0
0.0
0.0
4.99123477935791
0.0
0.15019918978214264
0.0
0.0
0.0
0.0
2.7785565853118896
1.7085691690444946
0.0
36.67094802856445
0.0
5.712063312530518
11.684283256530762
2.8533759117126465
0.0
0.0
21.96600341796875
0.3181573152542114
0.0
0.0
0.46218740940093994
0.0
0.0
0.0
0.0
0.0
0.0
0.0
0.7972111701965332
0.7945538759231567
3.578827142715454
0.5924122929573059
0.0
0.0
0.7600944638252258
0.0
0.8445494174957275
0.21113735437393188
0.9706493616104126
0.2950497269630432
0.0
0.42227470874786377
0.6334121227264404
0.0
1.6184179782867432
0.8269711136817932
0.860956072807312
7.9680962562561035
35.92353439331055
1.6046439409255981
0.0
3.0927693843841553
48.533226013183594
19.61660385131836
3.094200372695923
5.480771541595459
6.104384422302246
16.663217544555664
4.4759368896484375
4.937203407287598
10.551934242248535
3.0909993648529053
3.6840364933013916
2.948296070098877
0.0
0.0
18.646345138549805
6.971715927124023
2.1894686222076416
13.978788375854492
0.0
0.0
2.5488600730895996
27.683958053588867
20.06585693359375
20.62065887451172
37.085391998291016
22.998001098632812
1.138818621635437
16.885984420776367
16.185043334960938
3.6197190284729004
0.647011935710907
0.7584002017974854
21.331628799438477
15.090747833251953
7.5164899826049805
0.6228573322296143
0.0
0.0
0.0
0.0
0.0
0.0
0.3621263802051544
19.13909149169922
0.0
0.0
0.21113735437393188
15.828999519348145
0.0
0.0
0.0
0.0
0.0
0.0
0.0
0.0
0.0
0.0
0.0
0.0
0.0
0.0
0.0
0.0
0.0
0.0
0.0
2.5069611072540283
1.028438925743103
5.539577007293701
13.094959259033203
0.0
0.0
0.4055815041065216
0.4390438199043274
0.5712063908576965
0.2460746169090271
7.470381736755371
10.085204124450684
4.8627777099609375
39.754302978515625
2.1536011695861816
0.5023694634437561
4.711859226226807
35.196205139160156
73.2529525756836
22.10588264465332
9.110291481018066
4.296046733856201
1.9674646854400635
3.5619213581085205
20.76896095275879
53.268978118896484
14.80585765838623
42.163909912109375
18.47395133972168
9.593729019165039
3.6447813510894775
0.23109370470046997
3.8922650814056396
1.387168049812317
0.42227470874786377
0.0
2.70161509513855
0.548957109451294
10.153968811035156
7.029145240783691
1.4947247505187988
2.57913875579834
2.0074307918548584
5.235057830810547
1.0269639492034912
0.46500688791275024
1.8928614854812622
8.756436347961426
41.071868896484375
114.4191665649414
50.170257568359375
12.939778327941895
0.6334121227264404
1.4859367609024048
0.33781978487968445
3.7300198078155518
6.9031476974487305
7.976232528686523
1.5232229232788086
0.8882518410682678
5.240011692047119
7.8852739334106445
0.0
1.063662052154541
2.393873691558838
2.2759246826171875
0.21113735437393188
0.0
4.906362056732178
0.0
1.9424636363983154
1.5363962650299072
1.0436570644378662
1.9879810810089111
0.0
0.0
0.3173368573188782
15.06507396697998
6.615269660949707
19.731353759765625
8.112195014953613
0.21113735437393188
0.0
0.0
0.0
0.0
0.0
2.9167237281799316
0.0
0.0
0.0
0.548957109451294
0.0
0.0
0.0
0.0
0.0
0.0
0.2607309818267822
3.621598243713379
4.851495742797852
2.043891668319702
0.0
0.0
0.0
25.34033203125
11.879100799560547
0.0
0.0
0.5892429947853088
0.0
0.0
0.0
0.0
0.0
0.0
0.0
0.0
0.0
0.0
0.42227470874786377
1.1615943908691406
0.0
0.0
0.0
0.0
0.0
0.0
1.028438925743103
0.3466135263442993
2.1392128467559814
5.435313701629639
1.0472116470336914
0.0
0.32629477977752686
38.07053756713867
8.67580795288086
0.7298747301101685
0.0
0.21727581322193146
0.0
0.0
0.0
0.0
0.0
1.9191994667053223
3.362576484680176
8.232611656188965
17.54592514038086
29.802104949951172
27.906362533569336
58.50129699707031
39.50638198852539
14.092409133911133
0.6941015124320984
0.0
0.1586684286594391
1.612619161605835
0.39627382159233093
3.712841272354126
9.008833885192871
24.073713302612305
0.7492925524711609
4.769790172576904
0.0
4.212739944458008
5.369698524475098
7.499073505401611
1.2167444229125977
0.0
3.7063193321228027
10.751263618469238
5.236058712005615
20.304018020629883
0.8445494174957275
0.0
0.0
0.0
1.1823692321777344
1.6184179782867432
0.3381623327732086
0.6334121227264404
0.753756046295166
0.3331562578678131
0.0
0.548957109451294
1.5155255794525146
11.119665145874023
8.835025787353516
0.26573705673217773
0.0
16.190570831298828
1.9718282222747803
0.0
0.0
0.0
0.0
0.0
0.0
0.21727581322193146
5.362888813018799
0.0
1.205880045890808
0.0
0.0
0.0
0.0
0.0
0.0
0.0
0.0
0.0
0.0
0.0
0.0
0.0
0.0
0.0
0.7933421730995178
0.0
0.0
0.28884461522102356
0.0
0.0
1.2891697883605957
0.0
0.0
0.0
0.0
0.0
0.0
0.0
0.0
0.0
0.0
0.0
0.0
0.0
0.0
0.0
0.0
0.0
0.0
0.0
0.0
0.0
0.0
0.0
0.21113735437393188
2.6123545169830322
9.967884063720703
2.6603307723999023
1.1823692321777344
0.0
0.0
14.739300727844238
35.221256256103516
1.6018446683883667
1.533693552017212
0.28970110416412354
0.7804420590400696
0.7600944638252258
5.984185695648193
1.3146761655807495
0.25386950373649597
10.189661979675293
76.08549499511719
29.61979103088379
45.310394287109375
15.472146987915039
0.9918553829193115
8.357793807983398
3.3891727924346924
0.38127490878105164
0.5573884844779968
0.9748861789703369
2.07300066947937
0.21113735437393188
0.0
0.0
0.0
0.2607309818267822
0.11588044464588165
0.2310756891965866
0.0
0.0
0.21727581322193146
8.817975997924805
0.5573884844779968
0.0
7.457416534423828
1.4280158281326294
0.0
1.120012640953064
0.8068614602088928
1.435598611831665
1.5259935855865479
0.38127490878105164
0.0
0.0
0.0
0.41253793239593506
5.176341533660889
0.9712318181991577
1.9424636363983154
1.0497955083847046
6.019256114959717
19.38609504699707
18.96741485595703
4.379150390625
0.4191054701805115
1.9044137001037598
2.4652485847473145
0.0
0.7070990204811096
7.620169162750244
0.7298747301101685
2.0281801223754883
9.40469741821289
13.858129501342773
8.900205612182617
25.9814510345459
41.20198059082031
4.2091383934021
1.1991382837295532
0.0
0.548957109451294
1.0765576362609863
0.9712318181991577
10.872671127319336
38.484222412109375
53.64268112182617
44.7728271484375
13.75442123413086
8.18082332611084
1.7852120399475098
3.6349148750305176
1.3271163702011108
0.28970110416412354
7.671422004699707
4.556787967681885
0.8203186988830566
0.0
0.0
0.0
0.0
11.106790542602539
24.191492080688477
0.0
0.0
0.0
37.187889099121094
7.748466491699219
0.0
0.0
0.0
0.0
0.0
0.0
0.0
0.0
0.0
0.0
0.0
0.0
0.0
0.0
0.0
0.0
0.0
0.0
0.0
12.541560173034668
0.0
0.42227470874786377
0.0
6.491631507873535
0.0
1.07017183303833
18.65130615234375
7.106634140014648
41.15916442871094
73.48573303222656
2.680516004562378
4.344277858734131
0.0
1.4485055208206177
4.579229831695557
30.0472354888916
17.38991928100586
1.0556868314743042
0.0
0.0
20.34926414489746
22.160598754882812
1.224234700202942
5.734569072723389
2.4881339073181152
0.0
17.260618209838867
6.763200283050537
7.341839790344238
5.533419132232666
0.6644949913024902
1.2693474292755127
5.4834489822387695
12.350998878479004
21.071630477905273
22.148021697998047
38.778953552246094
17.084762573242188
5.202808856964111
16.841251373291016
1.2425321340560913
0.14485055208206177
0.2950497269630432
0.0
0.7933421730995178
1.8853254318237305
0.26038840413093567
0.0
1.6350890398025513
0.0
0.0
1.142412781715393
0.14485055208206177
8.549600601196289
21.483301162719727
0.0
0.28970110416412354
0.1155378445982933
0.5363849401473999
2.0495502948760986
0.0
0.21113735437393188
18.11467742919922
29.992456436157227
13.419873237609863
4.936934471130371
0.49681276082992554
0.0
10.449592590332031
11.09532642364502
51.161956787109375
7.460737228393555
0.6346737146377563
7.0915045738220215
20.32461929321289
16.303691864013672
5.693636894226074
1.4871984720230103
22.896427154541016
5.472439765930176
1.662907361984253
0.14485055208206177
0.0
31.532283782958984
68.8286361694336
34.72108459472656
9.541655540466309
0.0
0.3173368573188782
2.126156806945801
1.6184179782867432
0.0
0.0
0.0
0.0
0.0
0.0
0.3173368573188782
1.950666904449463
19.853771209716797
0.0
0.0
0.0
0.0
0.0
0.0
0.0
0.0
0.0
0.0
0.0
0.0
4.391656875610352
1.808820128440857
0.0
0.0
7.397572040557861
4.41365385055542
0.4345516264438629
3.0446507930755615
7.87814998626709
0.0
39.20661163330078
48.13871383666992
0.0
10.556868553161621
0.0
1.773553729057312
10.135087966918945
16.981525421142578
8.682035446166992
0.12693475186824799
0.0
3.7228803634643555
8.771108627319336
3.7465829849243164
1.803225040435791
0.28970110416412354
0.926872193813324
7.452369689941406
4.708462238311768
0.28970110416412354
0.0
0.0
0.0
0.0
0.28970110416412354
0.0
0.0
0.0
0.0
0.0
0.0
0.0
0.0
0.0
10.578887939453125
17.16210174560547
17.63071060180664
0.0
2.5336484909057617
28.26809310913086
6.6603569984436035
0.0
0.6879164576530457
18.844846725463867
16.378864288330078
16.275230407714844
1.76954984664917
4.2966628074646
16.981740951538086
5.792692184448242
15.600357055664062
0.8660417199134827
0.0
2.477107048034668
3.4372737407684326
2.777898073196411
22.62640953063965
5.346447944641113
0.2310756891965866
8.009856224060059
0.28970110416412354
0.1155378445982933
0.0
0.0
0.0
0.0
0.0
0.0
0.0
0.0
1.7316848039627075
0.8808857202529907
0.0
0.0
0.0
0.0
0.0
0.0
7.136442184448242
5.31674861907959
38.0241813659668
0.16890989243984222
0.0
0.0
0.0
0.0
0.0
0.0
0.0
0.0
0.0
0.0
0.7962698936462402
0.0
0.0
3.4469640254974365
0.0
0.0
0.0
0.0
0.0
0.0
0.0
0.0
0.0
17.164064407348633
0.0
0.0
0.0
0.0
0.0
0.0
0.0
0.0
0.0
0.0
0.0
0.0
0.0
0.9261639714241028
12.186163902282715
0.42869487404823303
1.0976418256759644
0.6859117746353149
0.8502827286720276
2.468090057373047
3.7413363456726074
0.0
4.945578575134277
10.085100173950195
0.5818327069282532
0.42869487404823303
2.1434743404388428
1.5725317001342773
4.362965106964111
23.739070892333984
36.38239669799805
13.273687362670898
30.729063034057617
8.492015838623047
0.650376558303833
0.0
0.0
0.0
0.0
0.21679218113422394
7.414292812347412
45.61743927001953
7.864363670349121
2.296433210372925
1.4983214139938354
20.376529693603516
1.344111442565918
1.6290404796600342
5.04463529586792
2.0963244438171387
3.209172248840332
3.693312406539917
12.074786186218262
10.700963020324707
3.8905720710754395
6.354409217834473
14.827537536621094
1.724233865737915
3.1748974323272705
1.209831714630127
0.0
0.0
0.0
0.0
5.059543609619141
8.292791366577148
10.072405815124512
1.2272779941558838
0.0
0.0
0.0
1.300753116607666
5.527219772338867
0.8981484770774841
5.454250812530518
9.267523765563965
0.0
4.730482578277588
25.599702835083008
5.583037376403809
15.56191635131836
12.190862655639648
3.5888354778289795
4.247232913970947
3.0531837940216064
2.62237286567688
4.028229236602783
8.955114364624023
10.022564888000488
15.650901794433594
4.987475395202637
14.616276741027832
10.837137222290039
11.639504432678223
2.2750492095947266
9.167402267456055
18.60997772216797
6.667710781097412
0.0
1.1029131412506104
0.5457064509391785
0.0
3.2708349227905273
7.068176746368408
0.0
0.0
7.447361469268799
0.975792646408081
0.0
0.0
0.0
0.0
1.426153540611267
9.118773460388184
2.97243595123291
3.68546724319458
0.0
0.0
0.16890989243984222
0.0
0.0
0.0
0.0
2.079681396484375
0.0
0.0
7.242527008056641
4.332669258117676
1.1588044166564941
0.0
0.6585657000541687
0.0
0.0
0.0
0.28970110416412354
2.881585121154785
0.9882768392562866
0.0
0.3783472180366516
0.6094229221343994
0.0
0.0
0.9467827677726746
1.0139538049697876
0.0
0.0
0.0
0.0
0.0
17.453527450561523
13.09412670135498
5.993755340576172
1.8122121095657349
2.887765645980835
7.154833793640137
15.47980785369873
0.35598790645599365
7.445913314819336
7.693323135375977
9.020173072814941
1.5321967601776123
2.026918649673462
31.90433120727539
10.640908241271973
32.503562927246094
12.998747825622559
1.106479287147522
0.0
3.143001079559326
0.0
0.0
0.0
0.0
0.0
0.0
0.0
2.1789731979370117
0.1910656839609146
0.0
0.0
0.0
0.0
0.0
0.14485055208206177
0.0
20.856651306152344
11.299775123596191
11.508506774902344
7.206689357757568
25.018842697143555
9.16831111907959
10.184989929199219
0.0
2.3564884662628174
4.159398555755615
0.0
0.7793334126472473
0.0
0.0
0.0
0.0
0.16890989243984222
0.0
0.5077390074729919
0.0
0.0
2.3769781589508057
0.0
0.0
4.856159210205078
0.0
0.0
0.0
0.0
0.0
0.41679275035858154
1.9891693592071533
1.5688022375106812
11.42833137512207
2.205016851425171
5.370815753936768
5.384114742279053
3.197505474090576
0.28970110416412354
0.0
6.311577796936035
36.228965759277344
94.98888397216797
11.685236930847168
0.7600944638252258
0.0
0.3800472319126129
0.7298747301101685
1.1433541774749756
1.4485055208206177
0.0
0.0
0.0
0.0
0.0
0.0
0.0
0.0
2.284825563430786
3.5757534503936768
0.0
0.0
0.0
0.0
0.0
0.0
0.14485055208206177
0.9561084508895874
0.0
0.0
0.0
0.0
0.0
0.0
0.0
0.0
0.0
2.8191232681274414
2.887765645980835
35.99626159667969
0.0
9.250593185424805
0.0
2.0626895427703857
0.0
10.282697677612305
0.0
0.0
3.0709855556488037
54.31617736816406
11.792791366577148
86.7680435180664
9.186690330505371
0.5284742712974548
0.0
0.0
0.0
0.0
0.0
0.0
5.666085243225098
0.8967390060424805
0.21113735437393188
0.0
0.12668241560459137
0.24262945353984833
0.0
0.0
0.0
0.0
0.22213579714298248
0.8363434076309204
7.440888404846191
25.964223861694336
23.748004913330078
10.88310432434082
8.765570640563965
6.215524196624756
6.789371013641357
1.7574195861816406
7.523965835571289
2.7274725437164307
3.4355952739715576
23.392757415771484
22.42677879333496
1.9053542613983154
15.828876495361328
46.548980712890625
0.0
0.0
0.0
2.1313188076019287
8.148468971252441
0.0
0.16175298392772675
11.63940143585205
0.0
1.0871411561965942
1.477961540222168
0.21113735437393188
5.2146196365356445
31.766094207763672
7.271841049194336
5.613669395446777
5.768640041351318
11.450520515441895
5.278545379638672
0.0
0.0
2.4624593257904053
11.526103973388672
39.80889129638672
36.15166091918945
28.70669174194336
21.1400203704834
12.708712577819824
0.0
0.0
0.0
0.0
0.0
0.0
0.0
0.0
0.0
0.0
0.0
0.0
0.0
0.0
0.0
0.0
0.0
0.0
0.0
0.0
0.0
0.0
0.0
0.0
0.0
0.0
0.0
0.0
7.684196949005127
6.8007330894470215
7.189452171325684
2.539485454559326
1.2035351991653442
0.0
3.3320372104644775
0.0
0.0
0.0
0.0
0.0
0.0
1.6184179782867432
0.0
1.4485055208206177
29.688091278076172
0.6378089785575867
0.0
0.28970110416412354
6.045808792114258
5.102390289306641
14.043458938598633
2.9679903984069824
1.6086316108703613
23.85750961303711
40.005001068115234
54.98942947387695
1.0509852170944214
5.467984676361084
5.4857048988342285
1.0852372646331787
7.811634063720703
10.27131462097168
0.0
0.0
0.3173368573188782
0.0
0.0
3.335970401763916
0.0
2.8970110416412354
12.46518325805664
8.505202293395996
12.919340133666992
5.815193176269531
0.8749945163726807
9.770000457763672
33.591712951660156
1.1752123832702637
1.4057835340499878
2.9312829971313477
0.0
0.0
0.0
0.0
0.0
5.696722030639648
3.729417085647583
0.5067296624183655
0.5614863634109497
8.954093933105469
3.4665932655334473
20.9761962890625
25.965167999267578
3.986560821533203
8.483726501464844
5.076272964477539
35.5972785949707
20.31218147277832
8.59388256072998
3.4791595935821533
3.398552656173706
2.3767013549804688
2.1471056938171387
2.1536011695861816
0.21113735437393188
0.0
2.497241258621216
6.487008094787598
0.8782591223716736
0.0
1.7105910778045654
0.0
0.0
0.0
0.0
0.0
0.0
0.0
0.0
0.0
0.0
0.0
0.0
0.0
0.3350597620010376
0.0
0.0
2.0861337184906006
19.38092613220215
47.05210876464844
102.0377426147461
26.730300903320312
0.0
0.0
0.0
0.0
0.0
0.0
0.0
0.0
0.0
0.0
0.0
0.0
0.0
0.0
0.0
0.0
0.0
0.0
0.0
0.0
0.0
0.0
0.0
0.0
0.0
0.0
0.0
0.0
0.0
0.0
0.0
0.0
0.0
0.0
0.0
0.0
0.0
0.0
0.0
0.0
0.0
0.21727581322193146
0.0
6.274599552154541
14.335573196411133
1.6855204105377197
0.0
0.0
0.0
2.856031656265259
9.274911880493164
0.0
0.0
2.2955949306488037
56.06051254272461
71.67041778564453
10.1837158203125
15.88378620147705
18.153400421142578
3.4354867935180664
1.9362316131591797
0.464502215385437
4.508098125457764
3.3991148471832275
5.879451274871826
6.987375259399414
57.38517761230469
34.886505126953125
27.06621551513672
4.2529449462890625
1.3935065269470215
0.4163835048675537
2.318885564804077
0.0
0.0
0.0
0.0
0.0
0.0
0.0
0.0
0.0
0.0
0.0
0.0
0.0
0.0
1.0556868314743042
8.272296905517578
4.01632022857666
14.346952438354492
15.396665573120117
3.939840316772461
10.821736335754395
2.9564173221588135
9.451861381530762
5.909041881561279
29.708755493164062
0.25336483120918274
0.0
0.0
0.0
0.0
0.21113735437393188
0.0
0.0
0.0
0.0
0.0
0.0
0.0
1.9649511575698853
0.5067296624183655
0.0
0.0
0.0
0.0
0.0
0.0
0.0
0.0
0.4345516264438629
3.6534719467163086
3.1195218563079834
0.0
8.250758171081543
0.0
0.0
0.0
0.0
0.0
0.0
0.0
0.0
0.0
0.0
0.0
0.0
0.0
0.0
0.0
0.21113735437393188
0.0
0.0
0.0
0.0
0.0
0.0
0.16890989243984222
0.7616085410118103
8.493959426879883
14.760608673095703
5.5115485191345215
1.543915033340454
5.224111557006836
4.028464317321777
26.746971130371094
0.28884461522102356
0.2079681158065796
0.0
0.0
0.0
0.0
0.0
0.0
1.0139538049697876
0.9589641094207764
5.648595809936523
0.0
0.0
0.0
0.0
0.0
0.0
0.0
23.83409881591797
29.10590934753418
36.104583740234375
3.0403778553009033
9.017515182495117
15.248197555541992
16.12138557434082
22.144243240356445
38.859493255615234
4.6733269691467285
7.848722457885742
9.858839988708496
36.02178192138672
44.339805603027344
7.020545482635498
0.14485055208206177
0.9471326470375061
0.3359162211418152
3.039562940597534
4.7382707595825195
0.0
0.464502215385437
0.0
0.28970110416412354
0.0
0.0
0.0
0.9666489362716675
0.0
1.0060356855392456
0.464502215385437
0.0
0.0
0.0
0.0
0.0
0.0
0.0
0.0
0.0
0.0
0.0
0.0
7.660112380981445
1.562416434288025
1.297193169593811
0.0
0.0
0.0
0.0
0.0
1.8894412517547607
6.504688739776611
22.57950782775879
60.1879997253418
12.470921516418457
2.411760091781616
0.0
0.0
3.617640256881714
1.338827133178711
0.0
0.0
0.0
0.8691032528877258
0.0
0.0
0.0
0.0
0.0
0.0
0.0
0.0
0.0
0.0
0.0
0.0
0.0
0.0
0.0
0.0
0.0
0.0
0.0
0.0
0.0
0.0
0.0
0.0
0.0
0.0
0.0
0.0
12.402536392211914
4.0116095542907715
6.021779537200928
0.0
8.064437866210938
9.259861946105957
3.5154154300689697
0.3800472319126129
9.393171310424805
19.272348403930664
4.5137457847595215
0.0
2.040945053100586
4.433884620666504
6.19376802444458
7.305352210998535
78.12201690673828
13.718406677246094
6.201901912689209
7.754236698150635
10.507074356079102
0.0
0.21113735437393188
1.2693474292755127
0.0
0.0
0.9520105719566345
0.0
0.0
0.0
0.0
6.283269882202148
4.835131645202637
6.935735702514648
0.46491143107414246
2.727112054824829
3.1010208129882812
4.167882442474365
7.543940544128418
6.598499774932861
5.422920227050781
11.593218803405762
47.46046829223633
63.673492431640625
15.703741073608398
1.2800147533416748
23.421031951904297
35.59041976928711
24.197065353393555
24.71555519104004
6.940341949462891
6.564718246459961
4.358755588531494
2.5795254707336426
3.9309396743774414
0.0
0.0
0.0
0.4345516264438629
0.0
3.9252572059631348
0.12709163129329681
0.0
0.0
0.0
0.0
0.0
0.28970110416412354
28.587080001831055
18.292560577392578
25.5379638671875
8.00313663482666
4.795442581176758
7.920053958892822
2.99815034866333
0.0
0.7163345813751221
0.18227188289165497
0.0
0.0
0.0
12.182686805725098
18.215173721313477
4.179804801940918
0.0
2.6265971660614014
3.4538862705230713
1.4827677011489868
0.9520105719566345
0.9127489924430847
0.0
0.0
4.582145690917969
0.3466135263442993
0.0
0.0
0.0
0.0
0.0
0.0
0.0
0.0
0.0
0.0
0.0
0.0
0.0
0.0
0.0
0.0
0.0
0.0
0.0
0.0
0.0
0.0
0.0
0.0
0.0
0.0
0.0
11.69899845123291
0.0
2.214725971221924
0.0
0.0
1.6610443592071533
0.0
0.0
0.0
0.0
0.0
0.0
0.0
0.0
1.3389055728912354
0.0
1.2853493690490723
7.830006122589111
20.981740951538086
0.0
0.0
0.0
2.6425914764404297
16.7302303314209
16.24156951904297
4.0508904457092285
2.2660136222839355
0.0
0.0
0.0
0.0
0.0
0.0
0.0
0.0
3.5082578659057617
1.8371450901031494
0.0
2.040580987930298
0.0
0.0
0.0
0.0
0.0
0.0
21.824697494506836
16.68954849243164
28.72198486328125
5.084085464477539
0.7291125059127808
0.44458165764808655
74.1640853881836
25.12213897705078
6.041769981384277
5.3199543952941895
2.1657955646514893
0.3707819879055023
0.0
0.0
0.0
0.0
0.0
0.0
0.0
0.0
0.0
20.486215591430664
0.0
0.0
0.0
0.0
9.412585258483887
0.0
0.0
5.536814212799072
0.0
0.0
0.0
0.0
0.0
0.0
0.0
0.0
0.0
0.0
0.0
0.0
0.0
0.0
0.0
0.0
0.0
0.0
0.0
0.0
0.0
3.1553330421447754
0.5207947492599487
0.0
1.5567500591278076
0.0
0.0
0.0
1.9704731702804565
7.921793460845947
1.3651645183563232
4.0866546630859375
0.9144025444984436
0.0
0.0
0.0
0.0
0.0
49.68606185913086
22.046171188354492
5.8522419929504395
0.0
2.597313404083252
0.2774343490600586
0.0
0.0
0.0
3.961322784423828
16.768369674682617
4.591756820678711
1.3359920978546143
0.0
0.0
0.0
0.0
0.0
0.0
0.0
0.0
0.0
0.0
0.0
0.0
0.0
0.0
0.0
0.0
0.0
0.0
0.0
0.0
0.0
0.0
0.0
0.0
0.4155123829841614
33.31388473510742
0.30826038122177124
13.07951545715332
57.456295013427734
18.69268035888672
0.26715898513793945
12.172830581665039
24.777631759643555
0.6612209677696228
6.187222003936768
1.2011852264404297
7.51586389541626
7.878316402435303
9.461087226867676
5.263518810272217
2.4017858505249023
3.489157199859619
0.0
0.0
0.0
0.0
2.9809749126434326
24.04062843322754
0.21606643497943878
0.0
9.566981315612793
7.266953945159912
3.8117854595184326
7.736921787261963
14.851263999938965
10.634631156921387
7.3008131980896
7.907769680023193
7.16396427154541
12.583847045898438
1.3482691049575806
0.3112446963787079
0.0
0.0
0.0
0.0
0.0
0.0
0.0
5.194626808166504
0.0
0.0
0.0
0.0
0.0
0.0
0.0
0.0
1.947985053062439
0.5638216137886047
3.9889187812805176
9.22702407836914
23.465742111206055
67.2333755493164
15.687844276428223
0.0
0.0
0.0
0.0
0.0
0.0
0.0
0.0
0.0
0.0
0.0
0.0
0.0
0.0
0.0
0.0
0.0
0.0
0.0
5.158802032470703
6.1059184074401855
2.0511865615844727
0.0
0.0
0.0
0.0
0.0
0.0
0.9520105719566345
6.273655891418457
5.569779872894287
25.280574798583984
41.69071578979492
58.86408615112305
33.2922248840332
10.59753704071045
6.238521099090576
0.0
0.0
0.0
0.0
0.3621263802051544
0.0
0.0
0.0
7.975735187530518
5.176993370056152
17.3892879486084
6.470119476318359
1.6568334102630615
21.912073135375977
41.730751037597656
15.761520385742188
7.3331756591796875
4.348326683044434
24.730255126953125
5.1735687255859375
9.572319030761719
19.984485626220703
3.774195671081543
0.0
0.0
0.0
4.7600531578063965
3.402228593826294
0.0
0.0
3.5893352031707764
8.240800857543945
0.0
0.0
0.0
0.0
0.0
2.313605546951294
13.406046867370605
5.127709865570068
0.0
0.0
0.0
0.0
0.0
12.376137733459473
1.3422993421554565
1.782347559928894
0.0
0.0
1.2693474292755127
3.0022168159484863
8.626928329467773
1.641715407371521
1.9115327596664429
24.171241760253906
2.997061252593994
14.71059799194336
21.688579559326172
39.66135025024414
63.02757263183594
11.523170471191406
27.13112449645996
16.574724197387695
13.630451202392578
23.477977752685547
3.763155937194824
3.865302801132202
6.217112064361572
6.303712368011475
26.979990005493164
156.45875549316406
23.749061584472656
20.94860076904297
21.678394317626953
16.267545700073242
11.542940139770508
0.6732887029647827
28.89860725402832
181.43463134765625
171.276611328125
12.222639083862305
3.0180885791778564
0.0
0.0
0.0
0.0
0.0
0.0
0.0
0.0
0.0
0.0
0.0
0.0
0.0
6.673202037811279
0.0
0.0
0.0
0.0
0.0
0.0
0.0
0.0
0.21113735437393188
1.309051513671875
1.013459324836731
0.3621263802051544
0.0
0.0
0.0
0.0
0.0
0.0
0.0
0.0
0.0
6.604992389678955
0.0
0.0
0.0
0.0
0.0
0.0
6.456737518310547
43.687381744384766
52.636817932128906
18.969440460205078
27.92190170288086
7.13721227645874
0.5165511965751648
0.0
0.0
0.0
0.0
0.0
0.0
0.0
0.0
0.0
0.0
0.0
0.0
0.5790596008300781
1.926169514656067
18.945524215698242
6.327106952667236
18.84521484375
11.367250442504883
6.625904083251953
11.240741729736328
22.469194412231445
19.389373779296875
1.7784645557403564
11.576770782470703
0.0
0.0
0.0
8.133204460144043
2.7014708518981934
1.709037184715271
4.204476356506348
1.6813668012619019
14.750604629516602
11.228398323059082
3.303297519683838
1.226614236831665
5.832437992095947
10.313793182373047
5.603967666625977
0.7808226346969604
0.9240322709083557
0.5911846160888672
0.0
3.052273750305176
3.582282781600952
0.0
0.0
0.0
0.0
0.0
0.0
0.0
0.0
0.0
0.0
0.0
0.0
0.0
13.50180435180664
6.328329563140869
15.506550788879395
30.518529891967773
37.55431365966797
13.653287887573242
14.144061088562012
9.31119155883789
0.7801374197006226
0.2310756891965866
0.0
0.6346737146377563
0.0
0.0
2.2425148487091064
4.722424507141113
1.9488495588302612
0.0
0.0
0.0
0.0
0.0
0.0
0.0
0.0
0.0
0.0
0.0
0.0
0.0
0.0
0.0
6.29136323928833
11.92773151397705
7.86310338973999
2.4262948036193848
0.0
0.0
0.0
0.0
0.0
0.0
4.433884620666504
0.0
0.0
0.9243027567863464
0.33781978487968445
0.0
0.0
0.0
0.9243027567863464
0.0
0.0
0.0
0.0
0.0
0.0
0.0
1.013459324836731
20.269187927246094
0.16890989243984222
0.16890989243984222
4.1253790855407715
4.505975723266602
0.6932270526885986
0.0
3.1687779426574707
7.653707504272461
3.7344753742218018
3.547107458114624
6.354283332824707
6.662339210510254
22.48369598388672
11.858866691589355
0.8629648089408875
13.952588081359863
5.6613545417785645
0.0
0.0
0.0
0.0
0.0
0.8691032528877258
0.0
0.0
0.0
0.0
0.8111630082130432
3.247434616088867
0.0
0.0
0.0
0.0
6.663125514984131
0.14485055208206177
0.0
0.0
0.0
0.0
0.0
0.0
0.0
0.0
0.0
0.6932270526885986
0.736035168170929
2.069146156311035
0.0
0.0
0.0
0.0
1.904021143913269
12.237403869628906
47.53794479370117
9.672981262207031
7.777636528015137
13.61558723449707
4.080667495727539
4.180325031280518
1.96402907371521
0.6515802145004272
0.0
0.0
0.0
0.0
0.0
0.0
0.25336483120918274
0.0
0.9520105719566345
0.0
0.0
0.0
0.0
0.0
0.0
0.0
0.0
0.0
2.286973476409912
5.8051018714904785
0.0
0.0
0.0
0.0
0.0
0.0
0.0
0.0
0.0
0.0
0.0
0.0
0.0
0.0
0.0
0.0
0.0
0.0
0.0
0.6346737146377563
0.0
0.0
9.837442398071289
0.0
1.0556868314743042
2.709942579269409
0.0
0.0
5.088741302490234
7.921811580657959
5.711432933807373
0.0
0.0
0.0
0.0
0.0
0.0
0.0
0.0
0.0
0.0
0.0
0.0
0.0
0.0
0.0
0.0
0.0
0.8087649345397949
0.0
0.0
0.6932270526885986
4.7294769287109375
0.0
0.9712318181991577
4.985310077667236
6.699871063232422
3.358811378479004
3.046516180038452
2.8198373317718506
1.5004231929779053
12.484981536865234
11.164654731750488
24.173782348632812
8.663520812988281
0.3439582288265228
1.2996519804000854
3.9696638584136963
0.9712318181991577
0.12668241560459137
0.0
0.0
0.0
0.0
0.0
0.0
0.0
0.0
0.9712318181991577
0.0
0.6932270526885986
0.0
0.0
0.0
0.0
0.2027907520532608
7.878033638000488
12.875486373901367
0.8684180974960327
0.8111630082130432
0.4422130286693573
0.0
2.2370755672454834
12.500426292419434
4.2703070640563965
0.0
0.0
1.0981954336166382
0.0
2.3872368335723877
9.133564949035645
4.976637363433838
1.904021143913269
0.0
2.743805408477783
24.631912231445312
15.438501358032227
16.357948303222656
72.92343139648438
29.182329177856445
1.859978199005127
19.62196922302246
20.10104751586914
11.097914695739746
3.729398012161255
23.542072296142578
27.874797821044922
7.638993740081787
0.0
0.0
3.0165657997131348
1.0398406982421875
0.5776892304420471
0.0
0.0
0.0
0.0
0.0
0.0
0.7178670763969421
7.5164899826049805
9.393101692199707
32.12805938720703
50.22544479370117
7.89235258102417
20.512605667114258
7.485617160797119
0.0
18.0733585357666
0.0
0.0
0.0
0.0
0.0
0.0
0.0
0.0
0.0
0.0
0.0
0.0
0.0
0.0
0.0
0.0
0.0
0.0
0.0
0.0
0.0
0.0
0.0
0.0
0.0
3.586888313293457
0.0
0.0
0.0
19.88913917541504
0.0
0.0
3.1733686923980713
0.0
0.0
6.130605220794678
0.0
0.8023219704627991
0.0
3.5893352031707764
0.0
57.078086853027344
1.2450294494628906
0.6334121227264404
0.0
0.0
0.0
0.0
0.0
0.0
0.0
0.0
0.0
0.0
0.0
0.7600944638252258
0.0
0.0
0.0
0.0
3.808042287826538
8.512789726257324
2.856031656265259
0.0
0.0
0.6383228302001953
0.0
0.0
0.0
0.0
0.0
0.0
0.0
1.5201889276504517
0.0
1.8237464427947998
19.600570678710938
0.0
0.0
0.0
0.0
2.165921211242676
1.8284460306167603
0.0
0.0
0.0
0.0
0.0
0.0
0.0
0.0
0.0
6.647274971008301
0.4345516264438629
1.9002362489700317
0.0
0.0
0.0
0.0
0.0
0.0
0.0
0.0
0.0
0.0
0.0
0.0
0.0
0.0
0.0
18.50031280517578
0.0
0.0
0.0
0.0
0.0
26.568708419799805
0.0
2.7869744300842285
4.4414544105529785
2.045166254043579
0.0
0.0
0.0
0.0
1.0398406982421875
5.552999019622803
0.0
0.0
0.0
0.0
4.15936279296875
0.0
0.0
0.0
0.0
0.0
0.0
0.0
0.0
0.0
49.19584274291992
71.73385620117188
4.307202339172363
0.0
0.0
2.3225109577178955
2.5771374702453613
0.0
0.0
0.0
18.31465721130371
6.875302314758301
0.0
0.0
0.0
0.0
0.0
0.0
0.9520105719566345
0.0
0.0
0.2027907520532608
0.21113735437393188
0.0
30.972843170166016
22.156761169433594
10.961183547973633
1.3512791395187378
0.0
0.0
3.1472296714782715
27.321931838989258
4.902171611785889
4.051812171936035
0.0
0.0
1.013459324836731
0.0
0.0
0.0
0.0
2.665250062942505
1.9424636363983154
0.722777783870697
0.0
0.0
0.0
0.47600528597831726
9.616229057312012
12.235908508300781
34.37668991088867
23.833480834960938
3.084148406982422
17.98833465576172
33.92881393432617
13.961328506469727
56.46220016479492
3.3495090007781982
5.244719505310059
0.7808226346969604
10.929779052734375
3.1217942237854004
1.5866843461990356
1.933297872543335
2.1080057621002197
2.2229268550872803
0.3173368573188782
0.6334121227264404
0.0
5.023687362670898
21.542842864990234
3.1207656860351562
0.0
0.0
0.0
23.740144729614258
63.19776916503906
55.9121208190918
41.47908401489258
1.8400492668151855
5.466501235961914
0.0
0.0
0.0
11.0386381149292
44.296443939208984
4.057427883148193
15.608744621276855
6.148867130279541
0.636008083820343
0.6346737146377563
0.0
0.0
0.0
0.0
0.0
0.0
0.0
0.0
0.0
0.5794022083282471
4.345516204833984
8.234356880187988
0.0
0.0
0.0
4.35325288772583
90.51408386230469
150.4161376953125
42.05623245239258
72.45442962646484
0.0
0.0
0.0
0.0
0.0
0.5776892304420471
0.0
0.0
0.8023219704627991
0.3173368573188782
0.0
16.05154800415039
0.0
0.16890989243984222
0.0
0.0
0.0
0.0
0.0
0.0
0.0
0.0
3.4907054901123047
0.0
7.6223602294921875
6.083723068237305
0.0
0.0
1.2693474292755127
2.5386948585510254
0.0
19.950599670410156
17.30142593383789
4.391656875610352
2.375549077987671
12.099017143249512
3.958162307739258
4.765931606292725
47.44047927856445
124.16165161132812
18.93029022216797
3.325810670852661
16.00959587097168
70.91279602050781
10.29556655883789
0.929004430770874
2.8868772983551025
1.4155323505401611
0.0
8.128212928771973
29.03826904296875
3.2180817127227783
7.5864715576171875
44.82603454589844
0.6334121227264404
2.364193916320801
5.092826843261719
28.539270401000977
45.52625274658203
2.067326068878174
0.0
0.0
0.0
0.0
0.0
0.12668241560459137
0.982585608959198
5.63510274887085
8.119982719421387
22.558759689331055
0.0
0.0
0.0
0.0
0.0
0.0
0.0
0.6346737146377563
8.847286224365234
3.6897878646850586
41.81396484375
64.61283874511719
206.507568359375
15.236928939819336
5.570830345153809
0.0
1.904021143913269
0.0
0.6346737146377563
3.395319938659668
1.933297872543335
5.803247451782227
15.973352432250977
14.705309867858887
25.085533142089844
1.6046439409255981
0.0
5.6053900718688965
0.9842984676361084
9.923456192016602
4.1805195808410645
0.0
0.0
0.0
0.0
0.0
0.0
0.0
0.0
0.0
0.0
0.0
0.0
0.0
0.0
0.0
0.0
0.0
0.0
0.0
0.0
0.0
0.0
0.0
9.887639999389648
0.5067296624183655
1.9625746011734009
1.605443000793457
0.0
0.0
0.0
0.0
0.0
1.793478012084961
26.603307723999023
16.314983367919922
6.334120750427246
13.895045280456543
5.83496618270874
77.2702407836914
16.445039749145508
22.00025177001953
35.79705810546875
6.956840991973877
22.155338287353516
0.3621263802051544
32.06001281738281
20.256044387817383
32.93742752075195
46.80916213989258
2.123650550842285
27.450246810913086
3.624037742614746
34.5476188659668
19.43136978149414
14.488341331481934
0.0
1.0398406982421875
2.4557156562805176
1.9063746929168701
14.206018447875977
2.157386064529419
0.5776892304420471
0.0
2.744785785675049
2.856031656265259
51.35239028930664
4.862774848937988
9.290043830871582
15.29162311553955
41.69928741455078
4.808248519897461
3.7282369136810303
0.0
0.4621513783931732
0.0
8.670143127441406
7.825259208679199
0.7600944638252258
0.0
0.0
0.0
59.799766540527344
15.206701278686523
0.9520105719566345
0.0
0.0
1.3289899826049805
0.0
3.245065689086914
1.2550417184829712
0.0
0.0
0.0
0.0
0.0
0.0
1.772464632987976
0.0
0.0
0.0
17.221235275268555
0.0
4.623226642608643
0.0
0.0
0.7178670763969421
2.0511865615844727
6.88955020904541
17.782445907592773
1.8157813549041748
4.518275260925293
2.5386948585510254
3.145660877227783
0.0
0.0
0.0
0.0
0.0
4.687249660491943
0.0
0.0
0.0
0.0
0.42227470874786377
1.8644516468048096
0.0
0.0
0.0
0.0
0.0
0.0
0.0
0.0
0.0
0.0
0.0
0.0
0.0
0.0
0.0
0.0
0.0
0.0
0.0
0.21113735437393188
0.0
2.955923080444336
0.0
0.929004430770874
4.442716121673584
1.0932127237319946
3.463914394378662
0.2310756891965866
0.0
0.0
10.424294471740723
44.58981704711914
18.72874641418457
9.406136512756348
0.4621513783931732
0.0
0.0
0.0
0.0
0.0
0.0
1.0968252420425415
0.0
0.0
3.1957924365997314
0.0
13.343881607055664
42.521514892578125
32.731842041015625
53.1958122253418
12.789681434631348
0.3173368573188782
6.395028114318848
6.299363613128662
16.59552574157715
4.729941368103027
0.0
0.464502215385437
0.0
0.0
0.0
0.0
0.0
0.0
0.0
2.1970901489257812
3.5893352031707764
3.900290012359619
0.0
0.0
0.0
0.0
0.0
0.6346737146377563
0.0
0.0
0.0
0.0
0.0
0.0
0.6551566123962402
0.0
3.318183183670044
2.65580153465271
0.0
0.6346737146377563
46.640872955322266
45.531166076660156
3.242609977722168
4.402122497558594
2.309602737426758
19.659805297851562
0.0
0.0
0.0
16.764307022094727
19.807594299316406
21.810043334960938
64.62342834472656
69.0447769165039
101.51494598388672
49.10107421875
9.110041618347168
0.0
0.0
0.0
0.0
0.0
0.6346737146377563
1.7330676317214966
0.0
0.0
0.0
0.0
1.097914218902588
0.0
0.0
0.0
0.0
0.0
0.0
0.0
0.0
0.0
0.0
0.0
0.0
0.0
0.9520105719566345
0.0
8.234356880187988
0.0
0.0
0.0
0.0
0.0
0.0
0.0
0.0
0.0
0.0
0.0
0.0
0.0
0.0
0.0
0.0
0.0
0.0
0.0
0.0
0.0
1.142412781715393
0.0
0.5794022083282471
3.2368359565734863
13.469644546508789
32.66011428833008
120.70886993408203
32.40672302246094
0.0
0.0
0.0
0.0
0.0
0.0
0.0
3.4907054901123047
0.6346737146377563
0.0
0.0
17.547399520874023
5.564982891082764
0.0
0.0
0.0
0.0
0.4345516264438629
5.370156288146973
0.0
0.0
0.0
0.0
0.0
2.284825563430786
0.0
0.0
0.0
1.3036549091339111
1.6175298690795898
11.583098411560059
18.79500961303711
0.0
3.103848695755005
28.006107330322266
16.97707176208496
0.0
6.664074420928955
1.2693474292755127
8.023219108581543
7.172579765319824
8.34953784942627
48.63269805908203
239.0640869140625
31.310697555541992
6.359240531921387
17.466693878173828
5.858503818511963
0.0
0.0
0.0
0.0
0.0
0.0
0.0
0.0
0.0
0.0
0.0
0.0
0.0
0.0
0.0
2.5386948585510254
0.0
0.0
0.548957109451294
0.0
0.0
0.0
0.0
0.0
0.0
0.0
0.0
0.0
0.0
0.0
0.0
0.0
0.0
10.76800537109375
0.0
0.0
2.88844633102417
0.0
0.0
0.0
0.0
0.0
0.0
0.0
0.0
0.0
0.0
0.0
9.540693283081055
1.2668242454528809
4.1335835456848145
1.5866843461990356
2.541832447052002
1.904021143913269
0.0
0.0
0.0
0.0
1.8830571174621582
26.882442474365234
2.8970110416412354
2.035712480545044
0.0
0.0
16.468713760375977
0.0
10.60267448425293
7.31794548034668
0.4621513783931732
10.782950401306152
8.32154369354248
4.122856140136719
20.825002670288086
26.09621238708496
14.274168968200684
0.0
0.7191287279129028
8.36957836151123
39.94104766845703
24.25139808654785
15.558479309082031
4.236213684082031
1.9859529733657837
0.2310756891965866
0.0
0.0
0.0
0.0
0.0
0.0
0.0
0.0
0.0
0.0
0.0
0.0
0.0
0.0
0.0
0.0
0.3173368573188782
4.05581521987915
17.458114624023438
20.929309844970703
10.503153800964355
10.321807861328125
54.44453430175781
78.17878723144531
6.649358749389648
6.024682998657227
1.1823692321777344
17.18246078491211
12.297505378723145
3.4311978816986084
1.5214506387710571
0.0
0.0
0.0
0.0
0.0
0.0
0.0
0.0
0.0
3.6212635040283203
41.50944137573242
15.869176864624023
18.635669708251953
1.6883682012557983
0.0
0.0
0.0
5.625802516937256
0.0
0.0
0.0
10.817112922668457
4.069125175476074
0.8445494174957275
0.0
1.2668242454528809
0.42227470874786377
0.0
0.0
0.0
5.794022083282471
4.704637050628662
14.597496032714844
0.0
0.7363576889038086
0.4621513783931732
0.0
0.42227470874786377
1.5866843461990356
0.0
0.0
0.0
0.0
0.0
0.0
0.0
0.0
0.0
0.0
0.0
0.0
0.0
0.0
0.0
0.0
0.0
0.0
0.0
0.0
0.0
0.0
0.0
0.0
0.0
0.0
0.0
0.0
0.0
0.0
0.0
0.0
0.0
0.0
0.0
0.0
0.0
0.0
7.150240421295166
17.572769165039062
16.37133026123047
5.113137722015381
1.2495509386062622
0.6184177994728088
8.810429573059082
7.4751877784729
0.0
0.0
0.0
0.0
0.0
0.10306964069604874
34.0273551940918
140.31231689453125
15.023269653320312
4.388362407684326
7.735649108886719
14.781721115112305
20.926876068115234
67.57718658447266
14.766560554504395
1.7044706344604492
0.0
0.0
0.1917426437139511
6.287248134613037
30.054645538330078
0.17358911037445068
0.260383665561676
0.0
2.880204439163208
1.2719868421554565
0.21304740011692047
0.0
0.0
0.0
0.0
0.0
0.0
0.0
1.0144124031066895
0.130191832780838
19.54871940612793
23.243471145629883
73.45716094970703
65.97709655761719
5.687967300415039
8.323107719421387
2.678600549697876
0.0
1.7358912229537964
141.71859741210938
53.654014587402344
4.816830158233643
0.10306964069604874
4.676279544830322
1.7936327457427979
0.0
1.0652369260787964
0.0
0.0
11.459005355834961
9.76637077331543
2.7897884845733643
6.5303850173950195
0.0
0.0
0.0
0.0
0.0
0.0
0.0
0.0
0.0
0.0
0.0
2.982663631439209
13.695599555969238
2.1698639392852783
0.0
0.0
0.0
0.0
0.0
0.0
0.0
0.0
0.0
0.0
53.190277099609375
11.109703063964844
0.0
0.0
0.0
9.752571105957031
2.1304738521575928
0.0
0.0
0.0
0.0
0.0
0.0
0.0
0.0
0.0
0.0
8.691032409667969
18.590900421142578
0.0
0.0
0.0
0.0
0.0
0.0
0.0
0.0
0.0
0.0
0.0
0.0
0.0
0.0
0.0
0.0
0.0
18.539636611938477
5.633232116699219
0.0
0.0
0.0
1.2278938293457031
0.0
0.0
0.0
0.0
0.0
13.109440803527832
0.0
5.663320064544678
0.3173368573188782
2.4989962577819824
3.919121503829956
0.5911846160888672
0.0
0.0
0.0
0.9712318181991577
5.0012078285217285
17.43041229248047
40.509742736816406
11.659110069274902
3.405332088470459
1.4158389568328857
0.6346737146377563
0.0
0.5794022083282471
1.0139538049697876
15.586496353149414
0.0
0.0
0.7242527604103088
2.221358060836792
0.0
0.14485055208206177
0.0
6.438531875610352
0.8691032528877258
2.221358060836792
16.789836883544922
5.2180094718933105
0.45400840044021606
3.315802574157715
30.328487396240234
14.10968017578125
15.740463256835938
3.4204254150390625
10.316555976867676
27.344045639038086
30.3925838470459
0.6346737146377563
0.0
0.6346737146377563
0.0
0.0
0.0
0.0
0.0
0.0
0.929004430770874
0.0
0.0
0.0
0.0
0.0
0.0
0.6932270526885986
0.0
0.0
0.0
0.6346737146377563
0.0
0.0
0.0
0.0
0.0
0.0
0.0
0.0
0.0
0.0
0.0
0.0
0.0
0.0
0.0
0.0
0.0
0.0
0.0
0.0
0.0
0.0
0.0
0.0
0.0
0.0
0.0
0.0
0.0
0.0
0.0
0.0
0.0
0.0
0.0
0.0
4.494279861450195
8.245243072509766
33.953609466552734
10.119157791137695
3.2943952083587646
1.0398406982421875
0.14485055208206177
16.032867431640625
37.20853042602539
12.600513458251953
0.0
1.0139538049697876
1.8487496376037598
19.98443603515625
42.12648391723633
18.373226165771484
0.0
4.635217666625977
15.267722129821777
0.0
0.0
0.0
0.0
0.5794022083282471
20.283090591430664
40.4704704284668
1.2668242454528809
0.0
5.574026107788086
1.8585033416748047
9.445236206054688
41.0959358215332
16.424583435058594
3.380054235458374
2.2229630947113037
6.606479644775391
4.744011402130127
9.593169212341309
13.82382869720459
13.214122772216797
6.587657928466797
5.225414276123047
17.382122039794922
5.077389717102051
9.586679458618164
13.17389965057373
8.094444274902344
4.518834114074707
2.349472999572754
12.859945297241211
16.52711296081543
5.762995719909668
1.270916223526001
7.606422424316406
9.288315773010254
72.75825500488281
18.812759399414062
5.173640251159668
5.786367893218994
2.880305051803589
16.97487449645996
14.884740829467773
2.021199941635132
0.3466135263442993
1.4485055208206177
2.716104030609131
1.7313263416290283
0.5911846160888672
0.0
0.0
0.0
0.0
0.0
0.14485055208206177
1.5037769079208374
0.14485055208206177
0.7119758129119873
6.807975769042969
36.09999084472656
0.14485055208206177
9.059558868408203
3.9042930603027344
22.59221649169922
4.755786895751953
0.0
0.9520105719566345
0.0
0.0
1.4485055208206177
0.0
3.4572558403015137
8.99949836730957
7.239101886749268
2.5386948585510254
5.202163219451904
0.0
4.771704196929932
0.0
0.0
0.0
0.0
0.0
1.1588044166564941
2.4607462882995605
0.0
0.0
0.0
0.0
0.0
0.0
0.0
0.0
0.0
0.0
0.0
0.0
0.0
0.0
0.0
10.139537811279297
55.930145263671875
7.791054725646973
0.0
0.0
0.0
0.0
0.0
0.0
0.0
0.0
0.0
0.0
0.0
0.0
3.7661142349243164
8.662453651428223
33.8194694519043
43.417972564697266
5.058387756347656
47.01183319091797
13.249197006225586
13.82924747467041
5.6352105140686035
0.0
0.0
0.0
0.0
0.0
0.0
0.0
0.0
7.242527008056641
32.43113327026367
2.3954851627349854
2.050476551055908
1.2693474292755127
0.46218740940093994
4.296408653259277
13.93667221069336
0.0
0.0
0.0
0.0
0.0
0.0
0.0
0.0
22.38978385925293
93.90367126464844
57.1313591003418
10.040264129638672
7.488141059875488
0.0
0.0
2.630380153656006
58.864845275878906
25.61368751525879
1.1588044166564941
17.018539428710938
12.689692497253418
0.0
3.290475368499756
2.027907609939575
14.582683563232422
6.12278413772583
0.8445494174957275
0.0
0.5794022083282471
0.0
0.42227470874786377
1.073854923248291
0.4621513783931732
1.2693474292755127
2.1113736629486084
0.0
0.0
0.0
0.0
0.14485055208206177
1.477961540222168
0.0
0.0
0.0
0.14485055208206177
0.0
3.4907054901123047
0.0
0.4345516264438629
7.958698272705078
13.841196060180664
4.124424934387207
0.0
0.0
0.0
0.0
0.0
3.9576001167297363
1.2668242454528809
0.0
0.0
0.0
0.0
0.0
0.0
0.0
0.0
0.0
0.0
0.9712318181991577
0.0
0.0
0.0
0.0
0.0
0.0
0.0
0.0
0.0
0.0
0.0
0.0
0.0
0.0
0.0
0.0
0.0
0.0
0.0
0.0
0.0
0.0
0.0
0.0
0.0
0.0
0.0
0.0
0.0
0.0
1.904021143913269
0.0
0.0
0.0
0.0
0.0
0.0
0.0
1.6795811653137207
0.0
2.254425048828125
0.0
7.541538238525391
49.11576461791992
28.562253952026367
23.597715377807617
8.268481254577637
4.7600531578063965
0.9520105719566345
0.0
1.013459324836731
11.908641815185547
4.392151832580566
28.299781799316406
8.43408489227295
13.41772747039795
16.371000289916992
17.03302574157715
7.3882551193237305
4.030990123748779
32.205257415771484
19.760828018188477
17.719043731689453
0.0
0.7378053665161133
1.2756179571151733
0.0
0.28970110416412354
0.0
0.0
0.0
0.0
0.0
0.0
0.6932270526885986
0.0
0.0
1.9641433954238892
1.0415536165237427
1.3002290725708008
4.839461326599121
0.4345516264438629
0.0
0.0
0.0
0.0
0.0
0.19040213525295258
1.7136191129684448
7.2466139793396
0.6346737146377563
0.9520105719566345
0.5794022083282471
0.0
0.0
0.0
0.0
0.0
0.0
0.0
0.0
0.0
0.0
0.0
0.0
0.0
0.0
0.0
0.0
0.0
0.0
0.0
0.0
0.0
0.0
0.0
0.0
0.0
0.0
0.0
0.0
0.0
0.0
0.0
0.0
0.0
0.0
0.0
0.0
0.0
0.0
0.0
0.0
0.0
2.245371103286743
33.972251892089844
27.93344497680664
0.0
0.0
1.286084532737732
3.2474164962768555
2.491162061691284
7.858798980712891
31.526994705200195
25.280807495117188
1.5175453424453735
0.0
0.0
0.650376558303833
0.0
0.0
0.0
0.0
0.21679218113422394
0.21679218113422394
0.0
0.0
0.0
0.0
0.0
0.0
0.0
0.0
0.0
3.7967514991760254
7.727956771850586
2.601506233215332
0.0
0.0
0.0
0.0
0.0
0.0
2.5839357376098633
5.196658134460449
5.299984931945801
0.21679218113422394
8.21645450592041
20.1270751953125
1.148608922958374
5.987656116485596
0.0
3.035090684890747
0.17147794365882874
1.5175453424453735
7.907543182373047
18.55059814453125
10.081766128540039
19.909366607666016
6.152261257171631
0.8632729649543762
0.650376558303833
0.0
0.0
1.352108120918274
4.864971160888672
5.458529472351074
0.0
0.0
0.4335843622684479
0.21679218113422394
0.0
0.0
0.0
0.0
0.0
0.0
0.0
0.0
0.0
0.0
0.0
0.0
0.0
0.0
0.0
0.0
0.0
0.0
0.0
0.0
0.0
0.0
0.0
0.0
0.0
0.0
0.0
0.0
0.0
0.0
0.0
0.0
0.0
0.0
0.0
0.0
0.0
0.0
0.0
0.0
0.0
0.0
0.0
0.0
0.0
0.0
0.0
3.1733686923980713
0.0
0.0
0.0
0.0
0.548957109451294
0.0
0.0
0.0
0.0
0.0
0.0
0.0
0.0
0.0
0.0
0.0
0.0
0.0
0.0
34.90705490112305
26.14629364013672
0.0
0.0
0.0
0.0
1.5688022375106812
18.094802856445312
2.221358060836792
23.816295623779297
0.0
0.0
0.0
0.0
0.0
0.0
1.8830571174621582
0.0
5.15175199508667
24.35024642944336
0.0
0.0
0.0
0.0
0.0
0.929004430770874
1.2693474292755127
0.0
0.0
0.0
0.0
0.0
0.0
0.0
0.0
0.0
0.0
0.0
0.0
0.0
8.065348625183105
1.689098834991455
0.0
0.0
0.0
0.3173368573188782
4.546113014221191
2.21883487701416
0.0
0.5794022083282471
5.840579986572266
5.99630069732666
39.114837646484375
2.7570626735687256
0.0
7.37660551071167
11.588044166564941
1.2002580165863037
1.2693474292755127
17.635560989379883
8.206936836242676
0.0
1.4357341527938843
0.0
0.0
0.0
0.0
0.0
0.0
0.0
0.0
0.0
0.0
0.0
0.0
0.0
0.0
0.0
0.0
0.0
0.0
0.0
0.0
0.0
0.0
0.0
0.0
0.0
0.0
0.0
0.0
0.0
0.0
0.0
0.0
0.0
0.0
0.0
0.0
0.0
0.0
0.0
0.0
0.0
0.0
0.0
0.0
2.5952768325805664
6.2496657371521
2.221358060836792
4.6853861808776855
0.0
0.0
0.0
0.0
0.8445494174957275
0.0
0.0
0.0
0.16890989243984222
0.0
0.16890989243984222
0.0
0.14485055208206177
4.494279861450195
2.154862642288208
0.0
0.0
9.520106315612793
0.28970110416412354
6.011050701141357
10.306205749511719
0.4345516264438629
3.677574872970581
0.0
0.0
6.418575763702393
66.29078674316406
18.770021438598633
36.587318420410156
54.709442138671875
11.843589782714844
5.966357231140137
28.61298370361328
12.483280181884766
42.30427551269531
56.883270263671875
30.958101272583008
15.129579544067383
24.8293514251709
12.253536224365234
44.943477630615234
67.81521606445312
78.31278228759766
56.08976745605469
14.592399597167969
2.6907758712768555
1.5084998607635498
0.4345516264438629
0.0
65.4557876586914
49.95149230957031
6.815452575683594
8.084835052490234
3.378413438796997
6.440986633300781
19.04227638244629
0.3173368573188782
1.2693474292755127
0.0
0.0
0.0
3.2913782596588135
0.0
0.0
0.6346737146377563
10.303997993469238
44.338844299316406
1.4485055208206177
6.556345462799072
7.599483489990234
0.0
9.477961540222168
0.0
0.0
2.4624593257904053
0.0
0.0
0.0
0.0
18.746824264526367
0.0
3.482576847076416
47.299766540527344
0.6346737146377563
0.0
0.0
6.898359775543213
0.0
0.0
0.0
0.0
2.955923080444336
1.904021143913269
13.010810852050781
22.937833786010742
2.5386948585510254
45.54559326171875
24.348094940185547
33.40992736816406
12.767596244812012
17.076475143432617
16.48099136352539
0.0
0.0
1.904021143913269
10.416701316833496
0.0
12.349541664123535
0.0
0.0
0.0
0.0
0.0
0.0
6.624128818511963
9.810503959655762
0.0
0.0
0.0
1.292961597442627
19.09547233581543
1.8474743366241455
0.0
0.0
0.0
0.0
0.0
0.0
4.490742206573486
0.0
0.0
0.0
0.0
0.0
47.40361404418945
22.245450973510742
21.036928176879883
6.876452922821045
10.328497886657715
25.990169525146484
5.613427639007568
0.0
2.979997396469116
4.296359539031982
18.077655792236328
9.604564666748047
4.170979976654053
1.513649582862854
7.182200908660889
11.973278045654297
7.6584577560424805
3.43635630607605
27.92992401123047
1.7216564416885376
10.6669340133667
25.940996170043945
14.521520614624023
15.666404724121094
14.451522827148438
83.40308380126953
4.939312934875488
6.392532825469971
1.8711426258087158
0.0
0.21679218113422394
0.0
0.0
0.0
0.21679218113422394
0.0
0.0
0.0
0.0
0.0
4.69684362411499
2.8755366802215576
0.2572169303894043
1.0207092761993408
0.0
0.17147794365882874
0.0
0.0
20.45545196533203
14.450268745422363
1.1226855516433716
8.753767013549805
32.71828842163086
3.6519455909729004
13.814064025878906
15.03357219696045
3.4038820266723633
16.821361541748047
45.955780029296875
17.388526916503906
25.030532836914062
0.7484570145606995
0.0
0.32324039936065674
0.0
0.0
0.0
0.0
0.0
0.0
0.0
0.0
0.0
0.0
0.0
0.0
0.0
0.0
0.0
0.0
0.0
0.0
4.2869486808776855
1.9394423961639404
0.0
0.0
0.0
0.0
0.0
0.0
2.6195995807647705
0.0
0.0
0.0
5.4061055183410645
0.0
0.0
0.0
0.0
0.6346737146377563
0.6981410980224609
0.0
0.0
0.0
0.0
0.0
0.0
0.0
0.0
0.0
0.0
0.0
0.0
0.0
0.0
0.0
0.0
0.0
0.0
0.0
0.0
0.0
0.0
0.0
0.0
0.0
0.0
43.96287536621094
38.904293060302734
0.0
0.0
0.9520105719566345
0.8445494174957275
0.0
0.0
0.0
0.0
0.0
0.0
0.0
1.7208988666534424
9.215500831604004
1.5020639896392822
5.13089656829834
0.8445494174957275
0.0
0.0
0.0
6.779995918273926
22.831409454345703
0.0
0.0
0.0
0.0
0.0
0.0
2.1643736362457275
6.589027404785156
0.0
16.606767654418945
22.452146530151367
5.369274616241455
22.057466506958008
0.0
0.0
0.0
0.0
0.0
0.0
0.0
0.0
97.64909362792969
30.96946144104004
14.042778968811035
0.3173368573188782
15.311874389648438
4.03911828994751
15.928215026855469
223.7274627685547
54.25309753417969
11.435234069824219
3.4962589740753174
23.0833740234375
4.773396015167236
0.9520105719566345
4.361449718475342
3.4337210655212402
7.96769380569458
29.260395050048828
0.0
0.7242527604103088
0.1155378445982933
22.84775733947754
11.748030662536621
0.0
0.0
1.2693474292755127
0.0
0.0
15.009337425231934
0.0
0.0
0.0
0.0
0.0
0.0
0.0
0.0
14.362386703491211
8.458111763000488
0.0
16.817758560180664
31.621562957763672
6.950353622436523
0.0
1.5866843461990356
0.0
0.0
0.0
0.0
0.0
0.0
0.0
0.18678393959999084
0.7141954302787781
3.552067995071411
0.0
9.135851860046387
0.0
0.0
0.0
0.0
0.0
0.6831434369087219
0.0
0.0
0.0
0.0
0.0
0.0
0.0
0.0
0.0
0.0
0.0
13.11066722869873
0.0
0.0
0.0
0.1930471658706665
0.0
0.0
0.0
0.0
0.0
17.89177894592285
1.2893543243408203
13.392362594604492
30.696338653564453
7.552189826965332
0.0
0.691447377204895
1.7110059261322021
3.113065719604492
19.603973388671875
34.894126892089844
16.20045280456543
18.267982482910156
16.4409236907959
61.162113189697266
45.16487503051758
17.347259521484375
48.79037094116211
21.332855224609375
0.8608881235122681
0.8799108266830444
34.18019485473633
32.993743896484375
3.645991086959839
1.697189450263977
0.9113197326660156
1.6308485269546509
2.1124768257141113
0.0
0.0
0.8818180561065674
0.0
0.3997953236103058
6.175025939941406
4.747291564941406
4.66217041015625
3.31622314453125
1.309783935546875
1.8208746910095215
1.2993347644805908
3.9469285011291504
2.0810415744781494
1.3260644674301147
2.552105188369751
2.2578070163726807
5.448764324188232
0.0
0.5786308646202087
0.35539716482162476
0.0
0.0
4.078706741333008
0.872687578201294
3.675665855407715
5.949349403381348
4.32814359664917
0.9353146553039551
0.0
0.0
0.0
0.0
0.0
0.0
0.0
0.0
0.0
0.0
0.0
0.0
0.0
0.0
0.8884929418563843
0.0
0.0
0.0
0.0
0.0
0.0
0.0
0.0
0.0
0.0
0.0
0.0
0.0
0.0
0.0
0.0
0.0
0.0
0.0
0.0
0.0
0.0
0.0
0.0
0.0
0.0
0.0
0.0
0.0
0.0
27.42670440673828
46.14378356933594
9.083358764648438
13.659340858459473
0.0
0.0
0.0
0.0
0.0
0.0
0.0
0.0
0.0
0.0
0.0
0.0
0.2638624310493469
0.0
0.0
0.0
0.6733512878417969
4.432377338409424
0.0
0.14645321667194366
0.0
0.0
2.2561194896698
2.0200538635253906
0.0
14.093903541564941
10.499173164367676
1.3467025756835938
2.7146923542022705
2.106968879699707
6.493808746337891
26.98236083984375
0.0
0.0
6.373318195343018
10.383903503417969
11.339786529541016
5.090025901794434
6.736113548278809
25.504579544067383
12.042830467224121
6.240144729614258
9.625249862670898
2.0492100715637207
13.054384231567383
0.0
28.775087356567383
12.205155372619629
10.052112579345703
15.859618186950684
9.47740650177002
37.91115951538086
8.669150352478027
0.0
0.0
5.8183274269104
5.669047832489014
5.8261189460754395
0.6001728177070618
0.0
0.0
1.1226855516433716
0.0
0.0
0.0
0.0
0.0
0.0
2.6572277545928955
3.2324039936065674
14.084303855895996
27.990331649780273
45.51746368408203
5.731357574462891
7.122894287109375
13.4799222946167
0.0
0.0
0.0
0.0
0.0
2.0636184215545654
11.083540916442871
0.965249240398407
1.9394423961639404
1.0839608907699585
0.0
0.0
0.0
0.0
0.0
0.0
0.0
0.0
0.0
0.0
0.0
0.0
0.0
0.0
0.0
0.0
0.0
0.0
0.0
0.0
0.0
0.0
0.0
0.0
0.0
0.0
0.11683011054992676
1.8930243253707886
3.584045171737671
10.736307144165039
19.53107452392578
0.0
0.0
0.0
1.7920225858688354
0.0
0.7244718670845032
3.1158864498138428
1.6996488571166992
0.3504903018474579
0.24149061739444733
0.0
0.0
0.0
0.0
0.23366022109985352
4.431951522827148
0.0
3.7941031455993652
18.431074142456055
4.757010459899902
95.99884796142578
51.19513702392578
67.6833724975586
7.772327899932861
0.5841505527496338
0.0
0.0
33.92023849487305
50.40121841430664
22.194509506225586
11.825284957885742
24.07466697692871
6.09287691116333
0.0
0.0
0.0
0.0
0.0
0.0
0.0
0.0
0.0
0.0
0.0
0.0
0.0
0.0
0.0
0.3504903018474579
16.67914390563965
6.185545444488525
0.0
0.0
0.0
0.0
0.0
0.0
0.0
0.0
0.0
0.0
0.0
0.0
0.0
0.0
11.098860740661621
0.5665495991706848
0.0
0.0
0.0
0.0
0.0
0.0
0.0
0.0
0.0
0.0
0.46732044219970703
0.0
0.0
0.0
0.0
0.0
0.0
0.0
0.0
0.0
0.0
0.0
0.5665495991706848
0.0
0.0
0.0
0.0
0.0
15.190417289733887
23.854026794433594
20.362911224365234
27.036962509155273
8.201960563659668
0.0
0.0
0.0
0.0
0.0
0.0
0.0
0.0
0.0
0.0
0.0
0.0
0.0
0.0
0.0
0.0
1.2668242454528809
16.79512596130371
25.426555633544922
12.68051815032959
2.9584462642669678
1.2668242454528809
0.0
0.0
0.0
0.0
1.5565253496170044
0.9894000291824341
8.568095207214355
2.952282428741455
14.264643669128418
0.0
11.62182331085205
22.24237823486328
9.859691619873047
0.0
0.49146410822868347
0.7242527604103088
25.812213897705078
26.5913143157959
3.7228119373321533
4.590002059936523
11.068486213684082
9.028501510620117
10.60902214050293
4.1253790855407715
0.0
47.81597137451172
34.89801025390625
7.8755388259887695
7.401162147521973
2.4158027172088623
7.739971160888672
28.280502319335938
52.72079849243164
119.76715850830078
49.49162673950195
13.725950241088867
12.746386528015137
13.99954891204834
0.5776892304420471
0.7795243263244629
1.8445135354995728
0.0
0.42227470874786377
0.9520105719566345
16.678049087524414
12.324747085571289
0.5671252608299255
3.983774423599243
0.8673902750015259
0.0
5.1409382820129395
4.667862415313721
1.3067008256912231
1.5606533288955688
3.869661808013916
1.4239516258239746
6.856395244598389
3.900867462158203
0.9243027567863464
0.8673902750015259
0.14485055208206177
0.0
19.826862335205078
16.626741409301758
1.904021143913269
0.0
0.7242527604103088
0.9894000291824341
0.7119758129119873
2.2562241554260254
20.146434783935547
23.238985061645508
29.871999740600586
25.758758544921875
30.97312355041504
8.417227745056152
9.307060241699219
3.37819766998291
5.438608169555664
0.8445494174957275
105.71087646484375
108.57015991210938
10.464315414428711
4.940743446350098
2.1113736629486084
1.1553784608840942
5.109983921051025
0.0
6.052955627441406
4.42488956451416
5.067296981811523
0.0
0.0
0.0
0.0
0.0
0.0
0.0
0.0
0.0
0.0
0.0
0.0
0.0
0.0
0.0
0.0
0.0
0.0
0.0
0.0
0.0
0.0
0.0
0.0
0.0
0.0
0.0
0.0
0.0
0.0
0.0
0.0
0.0
0.0
0.0
0.0
0.0
0.0
0.0
0.0
0.0
0.0
0.0
0.0
0.0
0.0
0.0
0.0
0.0
0.0
0.0
0.0
0.32380110025405884
0.731494665145874
2.397627115249634
2.9134156703948975
19.500057220458984
30.745481491088867
3.4095330238342285
1.9719055891036987
33.407588958740234
32.58692932128906
22.90969467163086
25.212268829345703
8.242600440979004
1.8088302612304688
12.329360008239746
9.227255821228027
5.425347328186035
12.643434524536133
9.479045867919922
12.633952140808105
15.510708808898926
42.27500534057617
4.178046703338623
8.354384422302246
0.0
0.0
4.471864700317383
0.0
0.3234040141105652
0.0
0.5631667375564575
2.4525258541107178
2.027688503265381
0.17585009336471558
0.0
0.0
0.0
0.0
0.0
24.07685661315918
1.1957807540893555
1.792870283126831
11.129534721374512
15.997201919555664
7.192881107330322
0.0
0.0
3.8808481693267822
6.068851947784424
8.574359893798828
0.0
19.998573303222656
27.32648277282715
9.636037826538086
35.54518127441406
8.967611312866211
0.0
0.0
0.0
0.0
0.0
0.0
0.0
0.0
0.0
0.0
0.0
0.0
0.0
0.0
0.0
0.0
0.0
0.0
0.0
0.0
0.0
0.0
0.0
0.0
0.0
0.0
0.0
0.0
0.0
0.0
0.0
0.0
0.0
0.0
0.0
0.0
0.0
0.0
0.0
0.0
2.8593220710754395
16.955793380737305
0.0
0.0
22.212486267089844
12.838579177856445
36.800689697265625
26.750864028930664
0.0
0.0
0.0
0.0
0.0
0.0
0.0
0.0
19.594898223876953
20.73541259765625
6.029602527618408
0.0
2.7185816764831543
3.3655428886413574
0.0
0.0
3.380868673324585
8.726285934448242
0.0
0.0
0.0
0.0
0.0
0.0
0.0
3.9501125812530518
0.7009806036949158
1.4019612073898315
11.200294494628906
26.702478408813477
1.6904343366622925
36.98598861694336
15.809478759765625
3.2856557369232178
0.0
7.268421649932861
50.53512191772461
15.124661445617676
6.252834320068359
10.078256607055664
1.7603657245635986
3.334137439727783
2.2661983966827393
0.0
0.0
25.546749114990234
62.919921875
26.634122848510742
1.7747786045074463
0.0
0.11683011054992676
0.11683011054992676
0.11683011054992676
1.0752135515213013
4.8770904541015625
1.4411132335662842
0.0
0.0
0.48298123478889465
0.0
0.0
0.0
0.0
0.0
0.0
0.0
10.174086570739746
2.8672361373901367
2.9994757175445557
12.126097679138184
0.9659624695777893
0.3504903018474579
0.3504903018474579
0.3584045171737671
0.7168090343475342
0.0
0.3584045171737671
13.447696685791016
24.3686466217041
64.9711685180664
33.93659973144531
30.237947463989258
2.8327481746673584
0.0
33.76646423339844
0.0
0.0
0.0
0.0
0.0
0.0
0.0
0.0
0.0
0.0
0.0
0.0
0.0
0.0
0.0
0.0
31.801292419433594
1.9829236268997192
0.0
0.5841505527496338
0.11683011054992676
0.0
0.0
0.0
0.0
0.0
3.544055223464966
0.0
2.803922414779663
0.0
4.249122142791748
1.9829236268997192
45.09565734863281
19.984600067138672
0.0
0.0
0.0
8.039373397827148
10.80689811706543
93.94140625
113.03527069091797
95.9304428100586
66.78521728515625
16.72964096069336
1.1683011054992676
0.0
0.0
0.0
0.0
0.17920225858688354
0.0
0.0
0.0
8.455204963684082
3.4039013385772705
0.9659624695777893
0.0
0.0
0.0
0.0
0.0
0.0
0.0
2.9840662479400635
1.5187914371490479
33.96015167236328
1.4097917079925537
11.065693855285645
2.1504271030426025
0.0
0.0
5.017663478851318
23.95511245727539
8.091734886169434
1.2851312160491943
9.201258659362793
4.183018684387207
18.28399085998535
44.73410415649414
0.8336391448974609
0.0
0.9659624695777893
0.0
0.0
3.1159703731536865
1.4019612073898315
2.484837770462036
1.0752135515213013
0.0
0.24149061739444733
0.8498244285583496
1.2074530124664307
0.24149061739444733
1.0514709949493408
0.0
0.0
0.9659624695777893
9.160982131958008
0.0
17.029760360717773
103.06301879882812
53.18302917480469
13.700875282287598
0.9346408843994141
0.0
0.0
37.377105712890625
0.0
3.584045171737671
0.0
0.0
0.0
0.0
6.09287691116333
0.0
0.0
0.0
3.0180416107177734
4.712356090545654
15.562044143676758
8.768218040466309
1.0514709949493408
19.2637882232666
0.0
0.7168090343475342
0.0
0.46732044219970703
3.9424498081207275
0.0
0.0
3.622359037399292
7.828868865966797
0.0
0.0
0.23366022109985352
0.0
0.0
0.0
0.0
0.0
0.0
0.0
0.0
0.0
0.0
1.7916035652160645
35.97502899169922
17.299039840698242
12.18575382232666
5.071302890777588
9.318517684936523
0.0
0.0
0.7168090343475342
0.0
0.0
0.0
0.0
0.0
0.0
5.699984073638916
0.0
0.0
0.0
0.0
8.935153007507324
17.409162521362305
6.118404388427734
2.608166217803955
2.742324113845825
0.0
15.753311157226562
7.616583347320557
16.149316787719727
56.136070251464844
29.276445388793945
0.0
1.4019612073898315
0.0
0.0
0.0
3.9169561862945557
0.5841505527496338
37.60494613647461
0.5919809341430664
0.0
0.0
0.0
0.0
0.0
0.0
0.0
0.0
0.0
0.0
0.0
0.0
16.786727905273438
9.317303657531738
28.944137573242188
42.66150665283203
12.036847114562988
11.238574981689453
1.9319249391555786
2.3919177055358887
0.0
0.7244718670845032
0.0
0.0
1.6996488571166992
4.580658912658691
11.917009353637695
1.4336180686950684
0.0
0.0
0.0
0.0
0.0
0.0
0.0
0.0
0.0
0.5841505527496338
0.0
3.2256407737731934
14.439677238464355
12.631551742553711
8.061973571777344
7.1364336013793945
18.53656005859375
2.3686158657073975
0.0
0.7244718670845032
0.0
0.0
0.0
0.0
2.2517857551574707
49.50778579711914
40.47665786743164
22.280487060546875
0.0
0.0
0.0
1.7524515390396118
18.985380172729492
13.674217224121094
11.659029006958008
12.666585922241211
12.383174896240234
1.0752135515213013
17.423826217651367
2.8327481746673584
2.8327481746673584
0.0
0.0
1.993942141532898
0.0
0.0
0.0
0.12346641719341278
0.0
0.0
0.0
0.0
0.0
0.0
0.0
0.0
0.0
0.0
0.0
0.0
0.0
0.5885263681411743
0.0
0.0
0.5304015874862671
35.102840423583984
50.17890167236328
13.594072341918945
47.399417877197266
7.149900436401367
1.1893478631973267
0.0
0.0
0.0
0.0
0.0
0.0
0.0
0.0
0.0
0.0
0.0
0.10636337846517563
0.0
4.079007625579834
2.641422986984253
0.0
1.751356601715088
1.252264142036438
8.349892616271973
9.128639221191406
4.768966197967529
0.0
0.0
0.5264151692390442
80.7820053100586
78.93582153320312
55.11494445800781
1.2618601322174072
0.5371490716934204
2.5454587936401367
0.0
1.2130482196807861
0.0
0.18586255609989166
0.20042647421360016
0.0
3.7610268592834473
0.12119201570749283
0.0
0.12963415682315826
7.528885364532471
11.196435928344727
5.386318206787109
8.239669799804688
1.9843316078186035
0.3498026430606842
0.15454092621803284
0.0
1.1604962348937988
0.12119201570749283
0.0
0.0
0.0
0.0
0.0
0.0
0.0
0.12030061334371567
0.0
0.3889025151729584
0.0
0.0
0.0
0.0
0.0
0.30579468607902527
0.0
0.0
0.0
0.13296383619308472
0.0
0.0
0.0
0.0
0.0
0.0
0.0
0.0
0.9195162653923035
12.213639259338379
0.0
0.0
0.0
0.0
0.0
0.0
0.0
0.0
0.0
0.424172043800354
0.0
0.0
8.818764686584473
0.0
0.2214052677154541
2.8980350494384766
0.20911504328250885
0.6574227213859558
0.0
0.0
0.0
14.254715919494629
0.1561797559261322
0.0
0.30063971877098083
10.389104843139648
0.0
0.0
0.0
0.0
0.0
0.0
0.0
0.0
0.0
0.0
0.0
0.0
0.0
0.0
0.0
0.0
0.0
0.0
0.0
0.0
0.0
43.5555419921875
0.10069621354341507
0.0
6.91990852355957
22.805068969726562
3.8908638954162598
0.0
1.2434862852096558
0.0
2.1212027072906494
1.7866826057434082
5.5201334953308105
7.285547256469727
45.07699203491211
223.78750610351562
16.81577491760254
37.149200439453125
2.9986982345581055
2.8104214668273926
2.1636433601379395
1.6977434158325195
3.470585346221924
0.0
0.0
0.0
0.0
0.0
0.0
0.0
0.0
0.0
0.0
0.0
0.0
0.29249927401542664
0.0
0.0
0.0
0.0
0.0
0.0
0.0
18.29851722717285
1.5069305896759033
13.17979621887207
3.0699005126953125
38.908851623535156
3.240480899810791
1.2927149534225464
0.3507463335990906
0.10021323710680008
0.0
0.0
0.0
0.5016934871673584
1.4350355863571167
4.247560501098633
0.8155512809753418
0.0
0.0
1.5091781616210938
1.2760183811187744
0.9139866828918457
1.2514885663986206
0.0
0.0
0.0
0.0
3.7213990688323975
0.20042647421360016
0.0
0.0
0.0
0.0
0.0
0.0
0.0
0.0
0.0
0.0
0.0
0.0
0.0
0.0
0.0
0.0
0.0
0.0
0.24238403141498566
0.0
0.0
0.0
0.0
0.0
9.278264999389648
1.3940359354019165
0.2534610629081726
8.599090576171875
0.0
0.0
0.0
13.772744178771973
5.206939697265625
0.0
0.9568614959716797
0.0
0.0
21.28866958618164
0.39414116740226746
57.85283660888672
4.6563720703125
0.35170018672943115
0.0
0.0
0.0
0.0
0.0
0.0
0.0
0.0
1.3940359354019165
0.0
12.947186470031738
35.331756591796875
0.4923802614212036
0.0
63.62158203125
12.892497062683105
0.21102012693881989
1.9555649757385254
0.0
16.628398895263672
16.40708351135254
21.289928436279297
27.64491844177246
0.2534610629081726
12.595401763916016
1.477134108543396
0.1267305314540863
0.0
0.32380110025405884
2.7846996784210205
0.0
0.1267305314540863
2.854642629623413
38.573463439941406
15.058488845825195
24.949081420898438
8.608257293701172
6.480027675628662
18.12273597717285
11.226875305175781
1.8461644649505615
0.0
0.9702120423316956
0.0
0.0
0.0
6.813693046569824
21.886898040771484
0.0
50.96221923828125
33.432979583740234
4.463581562042236
6.270003318786621
6.971005916595459
15.850565910339355
0.3234040141105652
0.0
47.65530014038086
10.21958065032959
0.9985082745552063
0.0
0.0
0.0
0.0
0.0
1.2936160564422607
0.0
0.0
0.0
0.0
0.0
0.0
0.0
0.0
0.0
0.0
0.0
0.0
0.0
0.0
0.0
0.0
0.0
0.0
0.0
0.0
0.0
0.0
0.0
0.0
0.0
0.0
0.0
0.0
0.0
0.0
0.0
0.0
0.0
0.0
0.0
0.0
0.0
0.0
0.0
0.0
0.0
0.0
0.0
0.0
0.0
0.0
0.0
0.0
0.0
0.0
0.0
0.0
1.3940359354019165
0.0
0.0
0.0
0.0
0.0
0.0
0.0
0.0
26.003599166870117
4.121947765350342
38.52658462524414
19.20394515991211
8.095751762390137
0.0
0.0
0.0
0.0
0.0
0.0
0.0
0.0
0.0
0.0
0.0
0.0
0.0
0.0
0.0
0.21102012693881989
0.35170018672943115
0.0
0.0
0.0
0.0
0.5069221258163452
0.0
0.0
0.0
0.2534610629081726
0.0
0.0
0.0
0.0
0.0
0.0
0.0
0.0
5.191590785980225
1.2236731052398682
6.060670375823975
4.3542866706848145
3.195570230484009
1.7585010528564453
0.42204025387763977
2.0131466388702393
16.695816040039062
0.5069221258163452
0.2534610629081726
0.0
6.712672710418701
0.0
0.0
0.0
0.0
0.0
0.0
0.0
5.842483043670654
57.65967559814453
37.90890884399414
0.5627202987670898
4.240808010101318
17.52046012878418
0.6051613092422485
0.35170018672943115
16.118776321411133
6.233830451965332
9.417459487915039
43.79883575439453
16.894887924194336
0.0
0.0
0.0
0.0
0.0
0.0
0.0
0.0
0.0
0.0
0.0
0.0
0.0
0.0
0.0
0.0
0.0
0.0
0.0
0.0
0.0
0.0
0.0
0.0
0.0
0.0
0.0
0.0
0.0
0.0
0.0
0.0
0.0
0.0
0.0
0.0
0.0
0.0
0.0
0.0
0.0
0.7882823348045349
8.573470115661621
11.554360389709473
0.35170018672943115
106.10171508789062
0.0
0.0
0.7882823348045349
0.0
0.0
0.0
0.0
8.193266868591309
0.9006662368774414
0.0
0.0
24.760194778442383
1.2936160564422607
1.0831948518753052
0.21102012693881989
2.63325572013855
18.538908004760742
40.82176208496094
3.9970078468322754
2.912224531173706
12.089054107666016
0.928565263748169
5.6173996925354
0.7034003734588623
3.3219034671783447
9.777323722839355
11.896805763244629
27.350242614746094
16.17020034790039
7.53053092956543
11.893982887268066
14.794085502624512
22.36007308959961
44.25957489013672
13.2921142578125
2.560732841491699
64.95069122314453
70.59736633300781
0.0
0.0
0.0
2.397627115249634
15.193395614624023
1.2527635097503662
17.27467155456543
5.671212673187256
2.8974807262420654
0.0
0.0
0.0
2.397627115249634
1.026999592781067
0.0
0.7603831887245178
0.0
0.0
0.0
0.0
0.0
0.0
0.0
0.0
0.0
62.679073333740234
82.10975646972656
16.301591873168945
21.758007049560547
11.913515090942383
12.353208541870117
40.50840759277344
18.726810455322266
16.7165584564209
20.3436279296875
3.011654853820801
0.3234040141105652
1.4385762214660645
0.6468080282211304
0.0
0.0
0.0
0.0
0.0
0.0
0.0
0.0
0.0
0.0
0.0
0.0
0.0
1.1252386569976807
17.35997200012207
29.499732971191406
0.3801915943622589
0.0
0.0
0.14068007469177246
0.0
0.0
0.0
0.0
0.0
0.0
0.0
0.0
0.0
0.0
0.0
0.0
0.0
0.722173810005188
0.6096256971359253
0.0
24.209182739257812
0.12119201570749283
3.0298001766204834
14.98068904876709
20.006818771362305
9.550074577331543
0.0
0.0
0.0
0.0
0.0
0.0
0.0
0.0
21.81772804260254
1.9891787767410278
4.161444187164307
5.997504234313965
2.304278612136841
0.0
0.8320692777633667
0.0
0.0
11.629416465759277
1.7072408199310303
8.33027458190918
2.6210014820098877
3.978785991668701
1.6701174974441528
0.0
0.0
0.0
6.141647815704346
0.0
0.0
3.5615718364715576
2.705008029937744
9.18482494354248
8.000994682312012
5.234478950500488
1.0809556245803833
2.7685272693634033
0.0
0.0
4.812901020050049
15.356267929077148
34.02235412597656
1.096280574798584
48.474430084228516
100.06590270996094
34.949302673339844
60.602874755859375
6.503161907196045
3.9938642978668213
8.51357364654541
55.86522674560547
21.910547256469727
20.99976348876953
20.079702377319336
37.303401947021484
66.05101776123047
5.447701930999756
5.705301761627197
41.65050506591797
24.217103958129883
2.833690643310547
2.1209888458251953
7.391395092010498
3.104933500289917
6.350525379180908
6.32015323638916
5.231193542480469
0.19788947701454163
5.727324962615967
0.10021323710680008
0.0
0.0
0.0
0.0
0.0
0.0
0.0
0.0
0.0
8.301652908325195
0.0
0.0
0.0
0.0
0.0
0.0
0.0
0.0
0.0
0.0
0.0
0.5941990613937378
0.4685055613517761
0.0
0.0
0.0
0.0
0.0
0.0
0.0
1.3135979175567627
2.7136807441711426
0.0
3.0241124629974365
0.0
6.553159713745117
0.0
0.0
0.0
0.0
0.0
0.0
0.0
1.100000023841858
0.0
0.0
0.0
0.0
0.0
0.30000001192092896
0.0
0.0
0.0
0.0
2.5
0.0
0.20000000298023224
0.0
0.0
6.199999809265137
37.400001525878906
31.0
38.29999923706055
44.5
52.29999923706055
15.899999618530273
133.39999389648438
72.80000305175781
8.100000381469727
15.899999618530273
0.20000000298023224
0.0
0.0
0.0
0.0
0.0
0.0
0.0
0.10000000149011612
10.699999809265137
5.199999809265137
4.900000095367432
0.30000001192092896
0.4000000059604645
0.0
0.0
0.0
0.0
0.0
0.0
0.0
0.0
3.5999999046325684
10.300000190734863
45.29999923706055
1.7999999523162842
4.0
43.79999923706055
15.800000190734863
21.700000762939453
17.0
8.0
2.5999999046325684
0.6000000238418579
0.0
7.199999809265137
10.699999809265137
1.899999976158142
0.30000001192092896
0.0
0.0
0.0
0.0
4.699999809265137
0.5
0.0
1.0
0.10000000149011612
0.0
0.0
0.0
0.0
1.899999976158142
1.0
0.0
1.0
0.0
0.0
0.0
0.0
0.0
0.0
0.20000000298023224
0.0
0.0
4.800000190734863
15.5
1.2999999523162842
23.600000381469727
10.699999809265137
15.399999618530273
6.300000190734863
11.399999618530273
8.199999809265137
10.300000190734863
19.0
16.799999237060547
35.099998474121094
1.7000000476837158
5.400000095367432
38.20000076293945
74.69999694824219
0.10000000149011612
0.30000001192092896
0.0
0.0
0.0
0.8999999761581421
2.799999952316284
60.29999923706055
7.099999904632568
0.0
0.0
0.0
0.4000000059604645
0.0
0.0
0.0
0.0
0.0
1.7999999523162842
0.0
0.0
0.0
0.0
0.0
0.0
0.0
1.100000023841858
0.0
0.0
0.5
4.5
0.20000000298023224
1.0
6.699999809265137
37.29999923706055
0.8999999761581421
0.10000000149011612
67.5
6.199999809265137
0.0
0.0
0.800000011920929
0.4000000059604645
0.0
0.0
0.0
1.7999999523162842
0.0
1.600000023841858
0.800000011920929
0.0
0.0
0.0
0.0
0.0
0.0
0.5
0.0
0.0
0.0
5.599999904632568
0.0
0.6000000238418579
0.699999988079071
38.0
0.699999988079071
1.2999999523162842
0.0
6.800000190734863
26.100000381469727
37.5
46.599998474121094
5.0
2.299999952316284
4.0
0.0
0.10000000149011612
0.0
0.30000001192092896
0.0
0.0
0.0
0.0
0.0
2.299999952316284
7.199999809265137
1.899999976158142
24.700000762939453
16.100000381469727
16.299999237060547
4.0
5.300000190734863
6.0
25.399999618530273
61.70000076293945
60.099998474121094
24.600000381469727
26.700000762939453
12.100000381469727
15.0
8.600000381469727
0.699999988079071
22.0
46.599998474121094
54.900001525878906
32.5
5.400000095367432
23.799999237060547
77.0
19.0
1.600000023841858
0.5
33.0
2.9000000953674316
0.0
14.100000381469727
26.399999618530273
14.0
6.800000190734863
3.700000047683716
5.199999809265137
0.699999988079071
9.699999809265137
6.0
0.0
0.20000000298023224
0.0
0.0
0.0
0.0
0.0
0.0
0.10000000149011612
0.0
0.0
0.0
0.0
0.0
0.0
0.0
0.0
0.0
0.20000000298023224
13.600000381469727
1.7000000476837158
0.0
0.0
0.0
38.29999923706055
1.899999976158142
14.800000190734863
18.700000762939453
5.300000190734863
10.5
0.0
1.899999976158142
2.4000000953674316
0.10000000149011612
61.900001525878906
57.70000076293945
70.4000015258789
34.20000076293945
6.099999904632568
0.10000000149011612
1.7000000476837158
0.0
6.900000095367432
52.20000076293945
13.399999618530273
6.199999809265137
0.20000000298023224
0.6000000238418579
0.0
0.0
0.0
0.10000000149011612
0.0
0.0
0.0
0.0
0.0
0.0
0.0
0.30000001192092896
0.0
1.2000000476837158
16.399999618530273
24.399999618530273
0.0
0.0
0.800000011920929
0.30000001192092896
0.699999988079071
21.0
5.400000095367432
39.0
64.0
90.4000015258789
1.2000000476837158
0.5
4.400000095367432
3.5
6.599999904632568
0.30000001192092896
0.20000000298023224
0.0
1.100000023841858
6.900000095367432
0.0
1.399999976158142
33.20000076293945
0.0
0.4000000059604645
0.4000000059604645
0.5
0.0
15.399999618530273
13.100000381469727
1.5
0.4000000059604645
1.399999976158142
11.399999618530273
0.4000000059604645
0.20000000298023224
0.0
2.5
3.5999999046325684
1.2999999523162842
0.0
0.0
0.10000000149011612
0.10000000149011612
0.20000000298023224
0.0
0.0
0.0
0.0
0.0
0.4000000059604645
11.699999809265137
18.200000762939453
0.4000000059604645
2.9000000953674316
0.699999988079071
26.200000762939453
34.900001525878906
9.800000190734863
0.6000000238418579
15.699999809265137
0.0
0.0
0.0
0.0
0.0
0.0
0.4000000059604645
0.0
0.0
1.2999999523162842
0.0
1.2999999523162842
0.0
0.699999988079071
0.5
0.800000011920929
0.800000011920929
0.0
0.0
0.0
0.0
0.0
0.0
0.0
0.0
0.0
0.0
0.0
0.0
0.0
1.600000023841858
42.599998474121094
27.700000762939453
6.699999809265137
17.299999237060547
0.0
0.0
0.0
0.30000001192092896
1.0
0.0
24.100000381469727
5.900000095367432
5.800000190734863
0.699999988079071
0.10000000149011612
0.0
0.0
0.0
0.0
0.699999988079071
0.0
0.0
1.2000000476837158
0.0
0.0
0.0
2.5
48.099998474121094
31.0
0.0
2.0
0.4000000059604645
12.199999809265137
21.899999618530273
4.300000190734863
0.5
14.0
5.300000190734863
5.099999904632568
1.399999976158142
0.800000011920929
0.5
15.800000190734863
54.29999923706055
27.299999237060547
6.599999904632568
0.20000000298023224
0.0
0.0
0.0
0.0
0.20000000298023224
0.10000000149011612
0.0
0.0
0.4000000059604645
0.20000000298023224
9.199999809265137
1.600000023841858
0.0
0.0
0.0
0.0
0.0
0.0
0.0
0.0
0.0
0.0
0.0
0.0
0.0
2.0
1.5
4.300000190734863
28.5
2.0999999046325684
7.900000095367432
19.799999237060547
52.5
6.099999904632568
20.399999618530273
6.0
0.0
0.0
0.0
0.0
0.0
0.0
0.0
0.0
0.0
0.0
0.0
0.0
0.0
0.0
0.0
0.0
0.0
0.0
0.0
0.0
0.0
0.0
0.0
0.0
0.0
0.0
0.0
1.600000023841858
0.0
0.0
0.0
0.20000000298023224
1.2999999523162842
0.0
0.0
0.0
0.0
0.0
0.0
0.0
0.0
0.0
0.800000011920929
0.0
2.700000047683716
6.099999904632568
2.299999952316284
2.5999999046325684
47.099998474121094
0.20000000298023224
0.4000000059604645
0.699999988079071
0.30000001192092896
1.7999999523162842
4.599999904632568
0.0
1.5
2.0999999046325684
0.30000001192092896
8.199999809265137
0.6000000238418579
5.599999904632568
3.0999999046325684
1.2999999523162842
11.399999618530273
0.8999999761581421
0.0
0.0
0.0
0.0
0.0
0.0
0.0
0.0
0.0
0.0
0.0
0.0
0.0
0.0
0.4000000059604645
0.0
0.0
0.0
0.0
0.30000001192092896
0.20000000298023224
0.0
0.0
0.0
0.0
0.0
0.0
0.0
0.0
0.0
0.0
2.799999952316284
5.900000095367432
13.5
2.700000047683716
0.5
0.20000000298023224
0.0
0.0
0.0
1.5
0.0
0.0
0.0
0.0
0.0
0.0
0.0
0.0
2.5
0.0
0.0
0.0
0.0
0.0
0.0
0.0
0.0
0.0
0.0
0.0
0.0
0.0
0.0
0.0
