0.0
19.897790908813477
0.0
0.0
0.0
0.0
0.0
0.0
0.0
0.0
0.0
0.0
0.0
0.0
24.475576400756836
1.716090440750122
0.0
0.0
0.0
0.0
0.0
0.0
0.0
0.0
0.0
54.4803466796875
0.5657118558883667
25.1668643951416
0.0
0.0
0.0
0.0
0.0
0.0
13.36655330657959
0.0
17.42375946044922
0.0
10.077905654907227
0.0
0.0
0.0
0.0
12.292707443237305
0.10020312666893005
0.0
55.343223571777344
7.386270046234131
0.0
10.02008056640625
1.428680419921875
0.0
0.0
0.0
6.949617385864258
25.460834503173828
60.88994598388672
34.20821762084961
21.3126277923584
3.367750406265259
0.0
0.1035759374499321
0.0
1.3527824878692627
0.12872116267681122
0.0
6.924174785614014
0.13375034928321838
10.08122444152832
8.962339401245117
0.9766702055931091
9.778351783752441
53.144981384277344
18.934043884277344
14.855244636535645
1.432901382446289
0.17709437012672424
0.12054331600666046
60.66725540161133
17.127304077148438
0.0
0.0
0.0
0.0
0.0
0.0
0.0
0.0
0.0
0.0
0.0
0.0
0.0
0.0
0.0
0.0
0.0
0.0
0.0
0.0
0.0
0.0
0.0
0.0
0.0
0.0
0.0
0.0
0.0
0.0
0.0
0.0
0.0
0.0
0.0
0.0
0.0
0.0
7.714874744415283
0.0
0.0
0.0
0.0
0.0
0.0
0.0
0.0
0.0
0.0
0.0
0.0
0.0
0.0
0.20197589695453644
16.50553321838379
0.0
0.0
0.0
0.0
11.534151077270508
25.767404556274414
0.0
0.0
0.0
1.3150033950805664
0.0
1.4815919399261475
50.916351318359375
0.1642911583185196
7.514878273010254
0.0
0.0
0.0
0.0
0.0
0.0
0.0
0.33382463455200195
4.99331521987915
0.0
0.0
0.0
0.0
1.2381895780563354
0.0
0.0
0.11305424571037292
0.0
1.2381895780563354
0.8799291253089905
71.95110321044922
19.321542739868164
14.856860160827637
2.526672840118408
2.5355217456817627
85.14170837402344
189.839599609375
94.87101745605469
9.045918464660645
31.69493293762207
53.2345085144043
66.96857452392578
74.27110290527344
43.139801025390625
1.8273199796676636
1.4333029985427856
15.346336364746094
38.03140640258789
12.30644416809082
18.880035400390625
1.4303817749023438
6.482811450958252
3.3471519947052
3.581474781036377
4.586228847503662
0.0
0.0
0.0
1.3060221672058105
0.0
4.426274299621582
0.0
0.0
0.0
0.0
0.0
0.0
0.0
0.0
0.0
0.0
2.9085259437561035
0.0
0.9599427580833435
0.11305424571037292
0.0
0.0
0.0
0.0
0.0
0.0
0.0
0.0
0.1921922117471695
0.24118240177631378
0.0
0.0
0.0
0.0
0.0
0.0
0.0
0.0
0.0
0.0
0.0
0.0
0.0
0.0
0.0
0.0
0.0
0.0
0.0
0.0
0.0
0.0
0.0
0.0
0.0
0.0
0.0
0.0
0.0
0.0
0.0
0.0
0.0
0.0
29.80416488647461
0.0
1.8952555656433105
8.855889320373535
2.029266834259033
19.168920516967773
0.0
0.14689870178699493
0.0
18.869159698486328
0.8415864109992981
1.384658932685852
0.0
0.0
0.0
0.0
0.0
0.0
0.0
0.24162006378173828
8.735040664672852
0.24719642102718353
18.065900802612305
5.975696086883545
0.0
0.0
19.751834869384766
1.107399582862854
2.1598243713378906
3.890333890914917
1.3999534845352173
0.0
0.0
4.885148048400879
0.23429447412490845
1.480983853340149
12.891294479370117
2.42846941947937
0.0
0.0
0.0
0.0
19.8127384185791
6.159719944000244
16.286296844482422
5.628721714019775
9.968165397644043
16.08573341369629
14.543902397155762
64.76666259765625
9.309354782104492
161.0484161376953
11.088228225708008
3.0117485523223877
1.4669498205184937
172.68191528320312
67.1383285522461
51.03591537475586
0.6910059452056885
7.05564546585083
11.809999465942383
37.08116912841797
173.89712524414062
9.3063383102417
12.425165176391602
14.067730903625488
47.1961555480957
0.0
0.0
0.0
0.0
14.275927543640137
18.060462951660156
0.912225604057312
6.098075866699219
4.402256011962891
0.0
0.15675419569015503
6.442716121673584
9.836788177490234
70.9267807006836
4.024659156799316
1.2845301628112793
1.8761014938354492
4.428587436676025
0.0
8.586504936218262
0.0
0.0
0.0
0.0
0.0
0.0
0.0
0.0
0.0
0.0
0.0
0.16803568601608276
0.0
0.0
0.0
0.0
0.21017272770404816
0.0
0.0
0.0
0.0
0.0
0.0
0.0
0.0
0.0
0.0
0.0
0.0
0.0
11.304239273071289
12.80175495147705
59.879459381103516
1.270392656326294
1.4298666715621948
0.0
0.0
54.4413948059082
0.0
0.0
0.0
0.0
0.0
4.095551013946533
2.2146098613739014
0.5185548067092896
0.0
0.0
0.0
0.0
2.6080217361450195
2.8058178424835205
4.071927070617676
30.67239761352539
35.97316360473633
4.597415924072266
0.0
2.428312063217163
0.8586674928665161
34.567630767822266
65.05447387695312
10.504789352416992
4.393589973449707
0.7322399020195007
0.1453290581703186
4.203876495361328
6.492681503295898
20.01537322998047
0.0
0.22615522146224976
3.6680080890655518
0.0
0.29239532351493835
0.128032386302948
0.0
0.0
0.0
4.228721618652344
1.860739827156067
1.2545595169067383
0.0
0.0
1.4064997434616089
0.0
0.30296093225479126
0.0
0.0
0.0
3.7006709575653076
93.80076599121094
91.24346160888672
24.088790893554688
77.60464477539062
40.24629592895508
4.207134246826172
3.794313669204712
0.0
0.12356963753700256
0.0
0.3307918310165405
0.20985475182533264
2.6855926513671875
18.71392250061035
0.0
0.0
0.0
0.0
0.0
0.0
0.0
0.0
0.0
51.956050872802734
25.80052375793457
22.691003799438477
0.0
35.33612823486328
101.47480010986328
3.998318672180176
5.615765571594238
72.0064926147461
17.80902862548828
17.510629653930664
28.736888885498047
12.848875045776367
0.13391561806201935
0.0
0.0
0.0
0.0
2.8578104972839355
0.0
0.0
0.0
1.4835420846939087
65.9850082397461
0.0
0.0
0.0
0.0
18.976398468017578
45.299644470214844
0.0
0.0
0.0
0.0
0.0
0.0
0.0
0.0
0.0
0.0
0.0
6.542679309844971
0.18862909078598022
0.0
0.0
0.0
0.0
0.0
0.0
0.0
0.0
0.0
0.15670707821846008
0.0
0.0
47.45189666748047
5.622405052185059
41.8534049987793
0.0
17.470718383789062
22.73466682434082
1.5136760473251343
0.13074958324432373
0.292688250541687
10.888787269592285
0.8826285600662231
0.0
0.0
179.93167114257812
0.0
0.0
0.0
2.289036512374878
0.0
0.0
0.8042269945144653
0.0
0.0
13.684795379638672
2.964484930038452
0.0
0.11715208739042282
0.0
0.0
0.0
8.530098915100098
0.0
2.6856698989868164
0.0
0.0
0.47512391209602356
0.0
0.0
1.9898152351379395
1.2779181003570557
1.308582067489624
10.708479881286621
26.68665313720703
32.123695373535156
44.04865264892578
70.48725128173828
56.66901397705078
56.259395599365234
10.99519157409668
14.129196166992188
22.57187843322754
28.81679344177246
0.5461573600769043
7.350739479064941
24.152851104736328
2.1877944469451904
0.3222074806690216
0.9584094882011414
1.5048954486846924
3.4747426509857178
3.633493185043335
1.5551363229751587
0.5073733329772949
0.0
1.2524514198303223
10.377782821655273
92.3177261352539
48.63484573364258
46.394927978515625
17.90463638305664
10.231268882751465
0.10392995923757553
14.106629371643066
8.625535011291504
19.967241287231445
0.29292476177215576
51.06254196166992
18.959360122680664
28.586536407470703
0.0
0.0
0.0
4.89789342880249
0.0
0.0
0.0
0.0
5.036313533782959
0.0
8.474237442016602
0.0
0.0
0.0
16.11847686767578
0.0
0.0
2.375619411468506
0.0
0.0
0.0
0.0
0.0
0.0
0.0
0.0
0.0
0.0
0.0
0.0
0.0
0.0
0.0
0.0
0.12477892637252808
0.0
0.0
0.7617221474647522
0.0
0.0
0.0
0.0
24.315134048461914
0.0
20.830196380615234
6.809625148773193
10.180764198303223
0.0
0.25438201427459717
10.236952781677246
11.961201667785645
24.75963592529297
8.115568161010742
63.323936462402344
8.022676467895508
1.5183155536651611
6.326716423034668
71.73863220214844
121.19075012207031
51.96051025390625
57.64579772949219
38.237613677978516
5.252716541290283
0.23352254927158356
19.648387908935547
40.44215774536133
2.897603988647461
7.279698371887207
7.314818859100342
5.037296295166016
6.6467976570129395
8.2479829788208
8.276872634887695
12.814240455627441
2.6499311923980713
4.146786212921143
22.529203414916992
3.1534948348999023
0.8762795329093933
9.983338356018066
8.630288124084473
87.6736068725586
10.11827564239502
28.384204864501953
16.681121826171875
3.337057113647461
6.712791919708252
0.7833318114280701
8.631574630737305
66.514404296875
1.329255223274231
2.126039505004883
18.286632537841797
0.10652191936969757
0.0
1.3051811456680298
5.6757001876831055
1.9479066133499146
0.42828261852264404
1.778705358505249
0.49439528584480286
0.0
1.585362195968628
10.338333129882812
0.0
0.8388076424598694
0.0
0.0
0.0
13.134942054748535
13.380790710449219
0.0
19.42299461364746
1.114192008972168
0.0
0.0
0.0
0.0
0.0
0.0
0.0
0.0
0.0
0.0
0.0
0.0
0.7824174761772156
0.0
0.0
0.0
0.0
2.688018560409546
44.90033721923828
9.604671478271484
7.557063579559326
0.0
0.0
0.0
9.330408096313477
2.4125678539276123
0.0
6.556710243225098
0.9257429242134094
0.2546449899673462
0.6630802750587463
0.0
0.0
0.0
0.0
0.0
0.0
0.0
0.0
0.0
0.0
0.0
0.0
0.0
0.0
0.0
0.0
12.353221893310547
9.928282737731934
11.872526168823242
0.8077058792114258
0.0
31.82439422607422
0.0
44.460365295410156
143.6944122314453
0.5478105545043945
0.0
0.0
0.0
0.0
0.0
0.0
0.0
0.8335373401641846
76.50221252441406
7.566003322601318
53.472930908203125
50.06857681274414
31.052093505859375
15.938309669494629
19.117761611938477
16.693532943725586
10.061508178710938
3.5765490531921387
1.4610307216644287
0.8025950789451599
1.0177112817764282
1.253551721572876
5.58031702041626
7.52215051651001
2.6862289905548096
19.641366958618164
0.15724296867847443
4.278764247894287
0.7444799542427063
2.412489652633667
0.0
0.0
17.965190887451172
2.8732738494873047
0.5059581398963928
3.693613052368164
1.4328725337982178
0.0
0.0
0.0
5.012431621551514
66.90723419189453
1.0475486516952515
2.3797526359558105
5.011290073394775
75.6702880859375
3.2881643772125244
1.4809460639953613
3.1926331520080566
41.610626220703125
2.988406181335449
0.0
1.0564886331558228
18.480730056762695
0.0
0.0
0.0
0.0
0.0
0.0
0.0
0.0
0.0
0.0
0.0
0.0
0.0
0.0
0.0
0.0
0.0
0.0
0.0
3.3516571521759033
0.0
0.0
0.0
0.0
0.0
0.0
0.0
0.0
0.0
0.0
0.0
0.0
0.0
5.515399932861328
0.0
0.0
0.0
0.0
0.0
0.0
0.0
0.0
0.0
0.0
0.0
0.0
0.0
0.0
0.0
0.0
0.0
0.0
0.0
0.0
0.0
0.0
0.0
0.0
10.280752182006836
26.51840591430664
0.3469850420951843
0.0
20.46564292907715
0.0
13.065106391906738
0.17176364362239838
26.940277099609375
0.0
31.417217254638672
0.0
0.0
49.7447624206543
0.0
0.0
55.44017028808594
81.60125732421875
17.61449432373047
10.321006774902344
11.173151969909668
7.312402725219727
1.1516468524932861
1.7189797163009644
0.0
13.459383010864258
8.328553199768066
6.1066436767578125
12.426733016967773
0.0
0.0
0.0
1.2484276294708252
0.0
0.47512391209602356
0.11951785534620285
0.0
5.2254719734191895
0.0
0.0
0.3354296386241913
0.0
0.0
0.0
1.3495858907699585
0.0
3.840074062347412
0.9722303748130798
33.135597229003906
5.321387767791748
0.10451853275299072
0.0
6.1896586418151855
19.51129913330078
20.24332618713379
0.0
10.245000839233398
17.69219207763672
8.235562324523926
1.3061845302581787
6.987428665161133
14.074447631835938
0.0
0.0
0.0
110.45779418945312
0.1906738430261612
6.815639019012451
31.616168975830078
5.327013969421387
0.0
38.608638763427734
76.43368530273438
2.8712077140808105
3.1068410873413086
0.21583931148052216
0.0
0.0
8.878610610961914
4.211643695831299
27.161046981811523
7.041915416717529
30.67615509033203
33.45083999633789
13.031241416931152
3.1126348972320557
2.7905771732330322
25.691566467285156
0.0
15.51613998413086
24.6406192779541
0.0
0.0
0.0
0.0
0.0
0.0
10.131778717041016
39.223724365234375
0.0
0.0
0.0
17.959415435791016
0.0
0.0
0.46210813522338867
9.692527770996094
0.0
0.0
0.0
0.0
0.0
0.0
0.0
0.0
0.0
0.0
0.0
0.0
0.0
0.0
0.0
0.0
0.0
0.0
4.846263885498047
0.0
0.0
0.0
1.867911696434021
72.3164291381836
40.48432159423828
83.07301330566406
13.476750373840332
14.813419342041016
22.560211181640625
7.015307426452637
40.72407913208008
98.15554809570312
0.8518079519271851
3.5745561122894287
0.0
0.0
0.45641177892684937
53.242435455322266
6.434114456176758
0.0
0.0
0.0
10.09445571899414
28.342439651489258
6.583843231201172
24.979524612426758
7.105863094329834
0.0
0.3945314884185791
31.768226623535156
27.694332122802734
12.920637130737305
59.56816482543945
1.6323370933532715
48.99641418457031
17.249597549438477
9.686464309692383
0.5953424572944641
0.0
0.0
1.468618392944336
8.41496753692627
0.0
6.785863876342773
1.4485348463058472
0.0
0.0
0.0
1.2826496362686157
2.3828694820404053
1.8181229829788208
2.4067068099975586
0.0
0.0
1.399195909500122
3.9238088130950928
1.4688100814819336
0.3997415602207184
25.384231567382812
4.757967472076416
8.246370315551758
2.4304044246673584
1.567025899887085
2.741619110107422
13.06441879272461
126.51261901855469
120.81689453125
22.561203002929688
2.4614107608795166
13.852624893188477
53.877498626708984
7.018092632293701
7.810399532318115
3.811253070831299
5.630063533782959
14.43504810333252
2.5613980293273926
0.0
6.274074077606201
1.1344760656356812
144.17567443847656
25.509897232055664
10.955626487731934
2.375619411468506
0.0
0.0
0.0
0.0
0.0
0.0
0.0
0.0
0.7939803004264832
3.3006865978240967
15.913628578186035
0.0
0.0
0.0
0.0
0.0
0.0
0.0
0.0
0.0
0.0
0.0
0.0
0.0
0.0
0.0
7.452859878540039
15.436737060546875
16.639057159423828
1.477234959602356
0.12861613929271698
0.0
0.0
1.0987287759780884
84.64849853515625
0.5057611465454102
0.0
0.0
0.0
0.11834461987018585
2.5708391666412354
18.41299057006836
7.770453453063965
9.933255195617676
0.5824527144432068
0.7093969583511353
12.796321868896484
7.406591892242432
18.282068252563477
0.0
12.433533668518066
47.21462631225586
2.5277318954467773
0.0
0.0
0.0
0.0
0.0
0.0
0.0
0.0
0.0
0.0
0.0
0.0
0.35073888301849365
0.0
6.814498424530029
2.6206343173980713
1.0709397792816162
0.0
0.5484604239463806
5.9177165031433105
28.547922134399414
7.8712053298950195
0.8065013885498047
5.387173175811768
35.3735466003418
28.352128982543945
19.693876266479492
7.739550590515137
12.32627010345459
0.9510316848754883
13.788873672485352
1.9257663488388062
0.8596028685569763
0.0
30.280611038208008
8.651739120483398
6.594437599182129
7.44212007522583
4.815152645111084
3.9770877361297607
0.0
0.0
0.0
0.9927526712417603
1.2707279920578003
0.0
0.0
0.0
0.0
0.0
0.0
0.13103602826595306
4.174059867858887
0.0
0.0
0.0
0.0
0.0
0.1387488692998886
22.610183715820312
6.5812578201293945
35.41206741333008
37.906681060791016
1.5561939477920532
0.0
0.0
0.0
0.0
0.0
0.0
0.0
0.0
0.0
0.0
9.912328720092773
0.0
0.0
0.0
0.0
0.0
0.0
0.0
0.0
0.0
0.0
0.0
0.16573375463485718
0.0
0.0
0.0
0.0
0.0
0.0
0.0
0.0
0.0
0.0
0.28302597999572754
0.0
0.0
1.2863470315933228
0.5249172449111938
0.0
0.22125491499900818
0.2275099754333496
0.2407606840133667
2.8431289196014404
1.1897372007369995
0.0
1.897594690322876
0.0
0.0
0.4787551462650299
0.0
0.979986310005188
2.6160411834716797
8.80121898651123
115.02459716796875
0.4513981342315674
96.76068115234375
92.93505859375
3.9347007274627686
0.0
0.0
0.0
0.0
0.4660329520702362
187.4967498779297
72.81504821777344
22.296022415161133
0.24569329619407654
12.118182182312012
0.4044401943683624
0.0
1.161922574043274
2.851033926010132
11.212857246398926
6.676226615905762
12.160026550292969
16.970836639404297
7.297426700592041
13.28955078125
34.6207389831543
20.934213638305664
4.338247299194336
0.23801769316196442
0.8476958274841309
0.0
2.032064437866211
0.0
4.611079216003418
6.038479328155518
0.632313072681427
0.6117801070213318
10.18532943725586
0.18924294412136078
0.9502478241920471
0.9532955884933472
1.0422775745391846
0.6935416460037231
3.7283284664154053
11.05700969696045
0.0
0.2997170686721802
1.4187142848968506
0.15031665563583374
9.965059280395508
3.339477062225342
7.399179935455322
0.4470616579055786
2.418288469314575
0.7736024856567383
2.465528726577759
11.497995376586914
44.27772521972656
7.627431869506836
0.8973615765571594
3.186837911605835
16.239971160888672
9.5084228515625
9.797724723815918
8.254714012145996
8.700837135314941
2.3601744174957275
8.917267799377441
9.949531555175781
2.248762369155884
0.0
3.1620287895202637
7.329733371734619
2.3780577182769775
5.33601713180542
3.1783227920532227
29.897565841674805
0.5277862548828125
0.0
0.0
0.1996157169342041
0.15332117676734924
14.632408142089844
11.381305694580078
2.519788980484009
1.211639642715454
0.0
0.0
0.0
0.0
0.0
0.0
0.0
0.0
0.0
0.0
0.7005983591079712
1.6940559148788452
0.0
0.0
0.0
0.0
0.0
0.17034512758255005
0.9175102114677429
3.133399724960327
0.0
0.0
0.0
0.0
0.0
0.0
10.719155311584473
0.81587153673172
0.8407180309295654
0.0
0.14112994074821472
1.050897479057312
0.0
0.12421489506959915
8.164294242858887
2.798070192337036
0.6476823091506958
0.5337680578231812
0.8393418192863464
4.067906856536865
2.6294538974761963
1.9784302711486816
28.9892520904541
4.3919453620910645
0.5502094030380249
9.044173240661621
82.72552490234375
17.0384464263916
36.94955062866211
21.13104820251465
9.940502166748047
0.8891186714172363
1.024692177772522
0.7309303283691406
0.2927052974700928
0.0
0.0
0.5786327719688416
0.0
1.467751383781433
1.2610770463943481
1.755765676498413
0.352824866771698
0.0
0.0
0.0
0.0
0.0
2.9980742931365967
50.08887481689453
1.9689456224441528
7.9062628746032715
43.52688217163086
152.4768829345703
5.118199348449707
2.212315320968628
1.2578372955322266
4.269134521484375
3.895869731903076
0.9995013475418091
4.99240255355835
1.25859797000885
0.3166254460811615
0.0
0.0
0.0
0.0
0.0
0.5786327719688416
0.0
1.467751383781433
0.0
0.0
0.0
0.0
0.0
0.0
0.0
0.0
11.932890892028809
1.720219373703003
2.3040449619293213
23.841333389282227
4.203589916229248
0.8019149899482727
1.4304330348968506
3.3856701850891113
10.914839744567871
3.1016006469726562
25.124122619628906
135.61685180664062
118.49148559570312
22.205427169799805
2.787367820739746
0.0
0.0
0.0
0.2540338933467865
0.5362938046455383
0.0
0.0
0.0
0.0
0.0
0.0
0.0
0.0
1.5228347778320312
28.595972061157227
0.0
0.0
0.0
0.0
0.0
0.0
0.0
5.677171230316162
0.0
0.0
0.0
0.0
0.0
0.0
0.0
0.0
0.0
0.0
0.0
1.5731661319732666
0.0
12.353221893310547
9.502477645874023
0.9502478241920471
0.0
6.007781982421875
0.0
0.0
0.34390196204185486
28.591777801513672
22.22779083251953
25.643728256225586
0.9051039814949036
1.2058719396591187
0.0
0.0
0.0
0.0
0.0
7.743681907653809
3.8202626705169678
0.0
0.0
0.35889559984207153
3.0396029949188232
0.0
0.0
0.0
0.0
0.15696045756340027
0.16823722422122955
4.29059362411499
8.712115287780762
8.132000923156738
38.31106185913086
15.637462615966797
4.879412651062012
7.803025722503662
12.505754470825195
2.60862135887146
7.4378790855407715
19.855979919433594
11.67365550994873
62.0576057434082
17.008214950561523
20.123685836791992
44.032203674316406
62.030670166015625
0.0
0.0
0.0
20.45638084411621
1.4405381679534912
1.9723185300827026
0.0
1.9397475719451904
0.0
1.2006864547729492
0.42911216616630554
9.642884254455566
0.5440507531166077
48.12079620361328
21.05924415588379
10.649489402770996
1.0268532037734985
8.787032127380371
12.902047157287598
0.19004957377910614
0.0
0.1036243811249733
41.93442916870117
22.653493881225586
32.15446472167969
22.43150520324707
22.176633834838867
13.056130409240723
2.3857083320617676
0.19004957377910614
0.0
13.522085189819336
0.0
0.0
0.0
0.0
0.0
0.0
0.0
0.0
0.0
0.0
0.0
0.0
0.0
0.0
0.0
0.0
0.0
0.0
0.0
0.0
0.0
0.0
0.0
13.308770179748535
1.4115914106369019
0.0
0.0
0.0
29.84147071838379
0.0
0.0
0.0
0.0
0.0
0.0
0.0
0.8941914439201355
0.0
0.0
0.16896939277648926
13.6585054397583
13.476912498474121
0.0
54.147613525390625
6.483019828796387
1.516603708267212
9.797493934631348
4.148196697235107
10.295568466186523
8.346578598022461
42.845550537109375
14.629159927368164
17.089326858520508
10.1077880859375
22.794572830200195
13.3311185836792
6.8376545906066895
0.19599521160125732
4.941288471221924
0.7608078718185425
0.9618105888366699
0.0
0.7800871133804321
5.926835060119629
0.0
4.281589031219482
31.917606353759766
0.0
0.18870069086551666
22.51106071472168
2.445192813873291
3.1180665493011475
5.963912487030029
0.6231483221054077
1.113378882408142
0.0
0.0
0.0
0.25497591495513916
0.0
0.0
0.0
5.76296854019165
2.294015407562256
0.1374427229166031
3.001445770263672
11.141410827636719
11.080336570739746
35.30241012573242
0.2454976886510849
5.589792728424072
26.947965621948242
26.987897872924805
6.788663387298584
16.075403213500977
3.9124085903167725
0.44828617572784424
4.103598117828369
62.393310546875
5.237260818481445
0.631817102432251
0.7642791271209717
0.0
1.3663239479064941
6.143115520477295
5.1429009437561035
0.0
1.903543472290039
0.5823398232460022
0.0
0.0
0.0
0.0
0.0
3.8009912967681885
0.0
0.0
0.0
0.0
0.0
0.0
0.0
0.0
6.9371209144592285
2.288900852203369
40.95539855957031
60.399940490722656
38.19972229003906
0.0
0.0
0.0
0.0
0.0
0.0
0.570148766040802
0.0
0.0
0.0
0.0
0.0
0.0
0.0
0.0
0.0
0.0
2.850743532180786
0.0
0.0
0.0
0.0
0.0
0.0
0.0
0.0
0.0
0.0
0.0
0.0
0.0
0.0
0.0
0.0
0.0
0.0
0.0
0.0
0.0
0.0
0.0
0.0
3.247471809387207
3.1485276222229004
12.685595512390137
42.96928405761719
0.0
0.0
1.2265044450759888
0.0
0.18500512838363647
0.0
0.0
1.3512142896652222
2.22444748878479
22.745180130004883
9.313740730285645
5.076501369476318
30.412649154663086
1.977327585220337
4.002773284912109
9.601882934570312
1.0125443935394287
7.189560413360596
10.884848594665527
49.75600051879883
34.213111877441406
25.284812927246094
50.411495208740234
23.727506637573242
0.0
0.0
3.0648136138916016
0.0
0.0
0.0
0.0
0.0
0.0
0.0
0.0
0.0
0.0
0.0
0.0
0.0
0.0
8.198826789855957
0.0
39.027042388916016
0.9502478241920471
52.62674331665039
30.493078231811523
0.7018432021141052
38.579166412353516
1.4046481847763062
2.9357640743255615
14.401579856872559
11.305536270141602
0.0
0.0
0.0
0.0
0.0
0.0
0.0
0.0
0.0
0.0
0.0
0.0
0.0
19.17839813232422
0.0
0.0
0.0
0.0
0.0
0.0
0.0
0.0
0.0
0.8633572459220886
11.419297218322754
0.0
0.0
0.0
0.0
0.0
0.0
0.0
0.0
0.0
0.0
0.0
0.0
0.0
0.0
0.0
0.0
0.0
0.0
3.4096131324768066
4.056334495544434
0.0
0.0
0.0
0.0
0.8195981979370117
0.0
40.02663803100586
16.90973663330078
4.719982147216797
6.8902268409729
5.642787456512451
0.5153034925460815
0.6010341048240662
0.0
0.18500512838363647
0.0
0.0
0.0
0.0
0.0
0.0
0.0
0.0
0.0
0.0
0.0
0.0
0.0
0.0
0.0
4.7652587890625
56.19837951660156
55.83491134643555
39.66639709472656
2.133570671081543
0.7143085598945618
54.53518295288086
7.837800025939941
3.66579532623291
1.5484809875488281
5.921470642089844
2.034727096557617
1.3423371315002441
10.342477798461914
34.208953857421875
6.187180042266846
0.9856160283088684
1.5964785814285278
1.1567555665969849
4.461275577545166
8.253883361816406
26.692644119262695
2.946965456008911
0.4675779342651367
0.9166104793548584
0.864263653755188
0.0
0.0
4.8776421546936035
0.0
0.0
0.8133723139762878
0.0
0.0
0.0
0.0
0.0
0.0
0.0
0.0
0.0
0.0
0.0
0.0
0.0
0.0
0.0
0.0
0.0
0.0
0.0
0.773303747177124
0.0
0.5693905353546143
46.988487243652344
37.807796478271484
15.405611991882324
0.0
4.801344394683838
0.0
0.0
0.7030066251754761
0.0
0.0
0.0
0.0
13.916299819946289
0.0
0.0
0.0
0.10021110624074936
0.0
0.0
0.0
0.0
0.0
0.0
0.0
0.0
0.0
0.0
0.0
0.0
0.0
0.0
0.0
0.0
0.0
0.0
0.0
0.0
0.0
0.0
92.23117065429688
0.0
11.018447875976562
0.0
2.850743532180786
5.891536235809326
24.002870559692383
10.548311233520508
0.0
7.601982593536377
0.7359373569488525
0.0
0.0
0.0
6.395231246948242
6.660268783569336
7.206321716308594
20.168960571289062
6.872236728668213
15.574246406555176
3.980985164642334
0.13805517554283142
17.16826057434082
0.2688903510570526
0.0
0.0
0.0
0.0
2.1637766361236572
0.0
0.0
0.0
3.499680519104004
0.0
6.2177629470825195
8.079144477844238
16.35319709777832
0.0
0.0
18.842906951904297
19.227188110351562
26.471864700317383
8.043009757995605
24.12442970275879
77.96186828613281
58.04832458496094
6.44405460357666
1.985366940498352
6.358094215393066
52.995338439941406
140.35733032226562
0.6548513174057007
0.0
1.5549646615982056
0.0
11.252767562866211
10.513915061950684
0.0
0.0
0.0
5.069334983825684
0.5134244561195374
0.0
1.0188060998916626
3.8262879848480225
0.0
0.0
1.9520360231399536
0.0
0.6849179863929749
11.401521682739258
13.261964797973633
1.7384668588638306
23.472490310668945
10.504761695861816
11.513824462890625
0.0
20.207178115844727
16.77244758605957
0.0
0.0
0.0
0.0
16.772180557250977
30.19708251953125
40.8157844543457
6.69796895980835
4.992269039154053
8.810993194580078
0.43685010075569153
0.647122323513031
0.0
0.0
0.9979730248451233
5.090415000915527
0.0
0.3817315101623535
0.0
0.0
0.0
0.0
0.0
0.0
0.0
0.0
0.0
0.0
0.0
0.0
0.0
0.0
0.0
0.0
0.0
0.0
0.0
0.0
0.0
0.0
0.0
0.0
0.0
3.9068732261657715
0.0
0.0
0.0
0.0
0.0
0.0
0.0
0.0
0.0
0.0
0.0
0.0
0.0
0.0
0.0
0.0
14.68263053894043
57.36191940307617
0.0
3.206613540649414
0.0
8.345462799072266
52.374141693115234
17.569570541381836
22.60917854309082
0.9722447395324707
0.0
0.0
0.0
0.0
0.0
0.0
0.0
1.9306938648223877
4.805199146270752
24.689599990844727
35.41807556152344
0.0
13.158709526062012
0.0
0.0
0.0
0.0
0.0
0.3110996186733246
1.562939167022705
28.019609451293945
12.764413833618164
6.901583194732666
0.19611230492591858
30.648550033569336
127.66837310791016
17.11306381225586
8.29425048828125
8.832464218139648
12.943421363830566
1.0904974937438965
0.0
0.0
0.0
0.0
0.0
1.9946110248565674
2.102736473083496
2.9440712928771973
4.033733367919922
0.12333674728870392
0.0
0.0
0.0
0.0
0.0
0.0
0.0
0.0
9.502477645874023
9.502477645874023
0.0
0.0
0.0
0.0
0.0
0.0
0.0
0.0
0.0
0.0
0.0
0.0
0.0
0.0
0.0
0.0
0.0
0.21553906798362732
43.79845428466797
0.0
0.0
0.0
0.0
0.0
0.0
0.0
0.0
0.0
0.14873145520687103
8.210441589355469
0.0
0.0
9.425764083862305
0.14112994074821472
0.5779322385787964
2.8583033084869385
31.57072639465332
55.3146858215332
0.0
0.0
0.0
0.0
0.0
0.0
0.0
0.508067786693573
15.330521583557129
0.14112994074821472
0.0
0.0
0.0
0.0
0.0
0.0
0.0
0.0
0.0
0.0
0.0
0.0
0.0
0.4657288193702698
0.44702184200286865
17.639863967895508
7.955613613128662
0.1135634183883667
0.0
0.16935594379901886
0.0
0.7063091397285461
0.7909871935844421
0.0
0.0
0.9968512654304504
0.49041885137557983
5.74051570892334
39.25806427001953
43.62734603881836
0.49041885137557983
18.029075622558594
51.13557815551758
1.1335493326187134
4.490477561950684
5.852442264556885
9.777161598205566
5.485755443572998
9.075735092163086
10.237432479858398
7.299005508422852
8.359820365905762
0.0
0.0
1.194315791130066
2.597304344177246
4.982207298278809
42.09679412841797
0.9066491723060608
0.2540338933467865
0.14112994074821472
22.694087982177734
7.972171306610107
4.80443000793457
35.485267639160156
37.73716354370117
2.966562509536743
6.349357604980469
13.498929023742676
3.474287271499634
1.2183337211608887
0.8445550203323364
0.0
0.0
0.4203590154647827
1.0243412256240845
0.0
0.0
2.0716381072998047
0.0
1.913370132446289
0.5110353827476501
0.0
0.0
0.0
0.0
0.0
2.70231556892395
0.0
19.07076072692871
0.0
23.600242614746094
106.00157928466797
105.9354476928711
145.25379943847656
7.537164688110352
0.0
0.0
2.101794958114624
0.0
0.0
0.0
0.0
0.0
0.0
0.0
0.0
0.0
0.0
0.0
0.0
0.0
0.0
0.0
9.535553932189941
25.870586395263672
4.136528968811035
0.0
0.0
0.0
0.0
0.0
0.0
0.0
0.0
0.0
0.6858987808227539
39.05394744873047
35.05039978027344
8.17893123626709
15.425037384033203
0.0
0.0
0.0
0.0
0.0
1.9249807596206665
2.937169313430786
0.0
2.879964590072632
0.0
2.067451238632202
2.9077510833740234
0.6020103693008423
23.594621658325195
3.8064775466918945
77.60494232177734
36.910560607910156
6.340691089630127
21.32825469970703
46.08659362792969
0.0
59.038330078125
1.074529767036438
12.15707778930664
0.9551242589950562
0.0
0.0
0.0
0.6026551723480225
0.0
0.0
13.378352165222168
30.439119338989258
0.0
0.0
0.0
0.0
0.0
2.8954193592071533
29.507980346679688
0.0
0.0
0.0
0.0
6.0236496925354
0.0
2.924762010574341
30.835508346557617
14.523715019226074
1.9238961935043335
0.0
0.0
0.0
0.0
0.0
21.70279312133789
9.890068054199219
1.4592313766479492
2.99851131439209
6.974522590637207
2.1622190475463867
2.0062358379364014
21.22123146057129
33.741615295410156
19.204063415527344
13.082086563110352
14.40188980102539
6.084975719451904
0.0
8.048948287963867
10.387198448181152
6.451467037200928
15.742469787597656
15.812532424926758
15.509523391723633
15.03740406036377
5.841119766235352
2.529979944229126
50.61717224121094
18.776975631713867
82.61014556884766
114.08039855957031
27.092300415039062
2.031994104385376
2.4015512466430664
1.903543472290039
0.0
0.0
0.0
0.0
0.0
0.0
0.0
0.9733734726905823
0.0
0.0
0.0
8.678008079528809
0.0
4.10994291305542
0.0
0.0
0.981082022190094
1.9445242881774902
0.0
0.0
0.0
0.0
0.0
1.9443520307540894
0.0
0.836682140827179
0.0
0.0
0.0
0.0
0.0
0.0
0.0
0.0
21.283302307128906
0.0
0.0
0.2620905935764313
0.0
0.0
0.0
5.995790004730225
24.12404441833496
5.670187950134277
23.24368667602539
64.16950988769531
5.8921051025390625
0.0
0.0
1.9014101028442383
0.0
0.0
0.0
0.0
0.0
0.0
0.0
0.0
0.0
0.0
0.0
18.360273361206055
1.0386425256729126
40.31376266479492
7.157284259796143
2.0356972217559814
39.6462287902832
12.689844131469727
18.756908416748047
17.989940643310547
27.05573844909668
1.033733606338501
0.0
4.8306660652160645
0.3771578073501587
1.008385419845581
14.608260154724121
2.289628505706787
17.04766273498535
10.837150573730469
5.231234550476074
3.8899147510528564
2.1981780529022217
14.528670310974121
19.852214813232422
2.128725528717041
11.0162992477417
10.850188255310059
1.9784356355667114
3.8558764457702637
3.216093063354492
11.74867057800293
1.0185891389846802
0.0
0.0
0.0
0.0
0.0
0.0
0.0
0.0
0.0
0.0
0.0
0.0
29.70842170715332
2.0633270740509033
19.633800506591797
2.113783359527588
19.420625686645508
5.8427815437316895
24.80584144592285
5.810481548309326
11.415038108825684
0.2083752453327179
0.0
0.0
0.0
0.0
0.4625128209590912
24.901649475097656
0.0
0.5096704363822937
0.0
0.0
0.0
0.0
0.0
0.0
0.0
0.0
0.0
0.0
0.0
0.0
0.0
5.734133720397949
7.912662506103516
2.3201537132263184
12.941692352294922
33.736385345458984
0.0
0.0
0.0
0.0
0.0
0.0
0.0
0.0
19.170690536499023
3.8318254947662354
7.609691619873047
0.0
0.0
0.0
0.0
0.0
0.0
0.0
0.0
0.0
0.0
0.0
0.10082066059112549
7.983555793762207
1.2768774032592773
0.0
0.0
11.904627799987793
36.79096221923828
31.801660537719727
0.38359981775283813
19.067405700683594
4.4812469482421875
24.1016845703125
2.1464786529541016
71.8376693725586
34.901588439941406
5.581126689910889
1.092044472694397
7.617221832275391
2.212480068206787
0.0
0.0
0.0
0.0
0.0
0.0
0.0
0.0
0.0
0.0
0.0
0.0
0.0
0.0
0.0
0.0
0.0
0.0
0.0
0.0
0.0
0.0
0.0
0.0
0.0
0.0
1.9098559617996216
2.0378623008728027
3.302302360534668
6.763759613037109
0.0
0.0
0.0
0.0
0.0
11.025260925292969
60.32528305053711
30.8203067779541
38.47600173950195
18.843582153320312
20.20252799987793
7.726284980773926
9.028958320617676
14.017844200134277
5.78466796875
0.0
0.0
0.0
0.0
0.0
12.606924057006836
1.9165712594985962
0.0
0.0
0.0
0.0
0.0
0.0
0.0
0.0
0.0
0.0
0.0
2.9112491607666016
0.2136070877313614
0.0
0.0
0.0
0.0
0.0
0.0
0.0
0.0
0.0
0.0
0.0
0.0
0.0
0.0
0.0
0.0
30.69129753112793
0.0
0.0
0.0
0.0
0.0
0.0
0.0
0.0
0.0
0.95245361328125
1.3727476596832275
22.77547264099121
27.987051010131836
35.44258499145508
0.5192767381668091
0.0
0.0
0.0
0.0
0.0
0.0
0.0
0.0
0.0
0.0
0.0
0.0
0.0
0.0
0.0
0.0
0.0
0.13343115150928497
39.79103469848633
0.2459200918674469
7.652743816375732
0.0
10.161293983459473
13.5643949508667
8.268430709838867
5.3601579666137695
51.881629943847656
14.466854095458984
38.774959564208984
5.81730318069458
20.41584014892578
81.44275665283203
13.672626495361328
3.7803077697753906
20.19530487060547
0.33553630113601685
2.985153913497925
4.841381549835205
1.099683165550232
1.9424412250518799
4.795969009399414
0.0
0.0
0.0
0.0
0.0
0.0
0.3041991591453552
0.0
0.0
0.0
0.0
0.0
18.60740852355957
46.993316650390625
8.796256065368652
0.0
2.9202229976654053
20.617427825927734
8.150361061096191
44.0213737487793
42.56333541870117
0.0
0.0
45.86907958984375
16.961511611938477
2.904432773590088
19.96061134338379
18.608139038085938
1.9482345581054688
11.388772964477539
26.25907325744629
5.255770206451416
2.9496066570281982
27.015724182128906
139.1130828857422
59.7840461730957
2.7593655586242676
39.50615310668945
33.975276947021484
14.818350791931152
10.041308403015137
50.876312255859375
15.43106746673584
15.34687328338623
2.883572578430176
0.0
0.0
1.9802768230438232
0.0
0.0
0.0
0.0
0.0
0.0
0.0
10.997386932373047
13.299469947814941
9.063407897949219
82.333251953125
33.83894348144531
8.470297813415527
6.930088996887207
4.557503700256348
0.0
0.0
0.0
0.0
0.0
0.0
0.0
0.0
0.0
0.0
0.0
0.0
0.0
0.0
0.0
0.0
0.0
0.0
0.0
0.0
0.0
5.021038055419922
0.0
0.0
0.0
0.0
0.7182543277740479
35.2734375
0.0
0.3013506829738617
2.26981782913208
0.22852754592895508
0.0
2.099424123764038
0.1156282052397728
24.77816390991211
0.0
14.693316459655762
0.0
0.0
0.0
0.0
0.0
62.96385955810547
9.355087280273438
8.08226203918457
0.0
0.0
0.0
0.0
0.0
0.0
0.0
3.1387581825256348
0.0
0.0
0.0
0.9593911170959473
0.0
0.0
0.0
0.0
1.0483938455581665
6.918827533721924
0.0
15.36266803741455
0.0
0.0
2.8537912368774414
19.045934677124023
0.0
0.0
0.0
0.0
0.0
3.003413200378418
3.965092182159424
0.0
2.0252671241760254
0.0
0.0
0.0
3.1312098503112793
1.027333378791809
6.2933430671691895
1.0198105573654175
0.0
0.0
0.0
0.0
0.0
0.0
0.0
0.0
1.031904935836792
14.46727466583252
0.9502478241920471
0.0
0.0
0.0
0.0
0.0
0.0
0.0
0.0
0.0
0.0
0.0
0.0
0.0
0.0
0.0
16.652082443237305
0.0
0.0
0.0
0.0
0.0
0.0
0.9887905716896057
7.774440288543701
0.9502478241920471
0.5729517340660095
2.3885931968688965
0.0
0.0
0.0
1.4464854001998901
0.0
0.0
0.0
0.0
0.0
7.638556003570557
0.0
0.0
0.0
0.0
0.0
0.0
0.0
0.0
13.053050994873047
36.54487228393555
5.370188236236572
0.0
11.409070014953613
0.0
0.0
0.0
0.0
0.0
2.850743532180786
33.24740219116211
14.120148658752441
0.9502478241920471
0.0
0.0
0.0
0.0
0.0
0.0
0.0
12.537424087524414
1.0256149768829346
19.660785675048828
0.192713662981987
13.419097900390625
19.518993377685547
30.636241912841797
7.104271411895752
0.0
0.0
1.3946613073349
26.650150299072266
31.194286346435547
11.64057731628418
0.0
0.0
0.0
0.0
0.0
0.0
0.0
0.0
0.0
5.959494113922119
0.0
0.3083418607711792
0.2312564104795456
36.13798522949219
15.650032043457031
5.986245155334473
122.75267028808594
83.84860229492188
1.1429615020751953
0.1423790454864502
1.2142903804779053
12.446630477905273
48.256370544433594
5.088146686553955
8.935464859008789
1.9390382766723633
31.153562545776367
10.4912691116333
15.262913703918457
9.774993896484375
2.7996718883514404
0.5249397158622742
6.76736307144165
0.0
0.0
3.976468086242676
42.65837097167969
2.9292476177215576
0.0
40.899200439453125
0.0
2.858168125152588
19.126296997070312
7.025370121002197
127.67487335205078
0.9675710201263428
0.0
0.0
0.0
0.0
1.9702107906341553
1.0470004081726074
0.6063611507415771
0.5178295969963074
1.3870753049850464
0.0
0.0
0.0
0.0
0.11276770383119583
0.0
0.0
0.0
0.0
0.0
0.0
0.0
0.0
0.0
0.0
3.8009912967681885
0.1713956594467163
21.987743377685547
213.6444091796875
184.47105407714844
65.61597442626953
79.16239929199219
105.55509185791016
3.8009912967681885
0.0
0.0
0.0
0.0
1.9004956483840942
0.0
0.0
0.0
0.0
2.9278290271759033
0.0
0.0
0.0
0.0
0.385427325963974
0.0
0.0
0.0
0.0
0.0
0.0
0.0
0.12172375619411469
0.0
0.0
0.0
13.70413589477539
0.7264098525047302
9.732351303100586
60.979637145996094
163.93453979492188
112.96172332763672
15.4540376663208
32.58473205566406
6.8003363609313965
16.819351196289062
22.887187957763672
235.9129180908203
16.71432876586914
7.199232578277588
6.100278854370117
50.45460510253906
0.9959644675254822
4.091645240783691
1.027333378791809
0.0
0.0
10.39057445526123
127.64917755126953
14.756512641906738
8.240113258361816
84.70249938964844
1.0466983318328857
13.893803596496582
8.226948738098145
52.53868103027344
128.0789031982422
9.67750358581543
0.0
0.0
0.0
0.0
0.0
0.0
1.1775654554367065
24.121606826782227
20.902257919311523
83.9542007446289
9.201098442077637
0.9502478241920471
0.0
0.0
0.0
0.0
0.0
0.3468846082687378
0.22410574555397034
0.0
29.07317543029785
65.30870056152344
74.51478576660156
15.75577163696289
3.126654863357544
21.96056365966797
3.8314690589904785
1.1135621070861816
1.9928200244903564
37.79475021362305
10.718844413757324
19.854225158691406
18.157833099365234
19.521984100341797
0.0
0.0
0.0
0.0
8.603215217590332
19.0507755279541
1.972866415977478
0.0
0.0
0.0
0.0
0.0
0.0
0.0
0.0
0.0
0.0
0.0
0.0
0.0
0.0
0.0
0.0
0.0
0.0
0.0
0.0
0.0
0.0
0.0
0.11426377296447754
0.18771906197071075
0.0
0.0
0.0
0.17955735325813293
0.0
0.0
0.0
0.0
0.12909111380577087
0.0
0.8093973994255066
0.0
59.520145416259766
37.6378059387207
5.397696018218994
146.85256958007812
56.31241989135742
4.22631311416626
3.6107308864593506
39.44917297363281
24.04694175720215
8.395015716552734
6.181253910064697
144.66259765625
99.47258758544922
54.89606857299805
7.403913974761963
8.881186485290527
74.57234191894531
2.6391026973724365
0.0
0.0
0.1868177205324173
11.71730899810791
33.557491302490234
1.037703275680542
1.100486159324646
0.9910563230514526
0.0
0.0
0.3795314133167267
0.3047116994857788
12.796853065490723
7.332956790924072
26.263629913330078
41.87298583984375
4.787812232971191
0.0
0.0
3.9196677207946777
75.38317108154297
0.26173415780067444
0.0
0.0
0.0
162.49237060546875
9.439994812011719
3.278862237930298
24.958372116088867
0.0
0.5014938116073608
40.957305908203125
0.0
2.031362533569336
0.0
4.7573347091674805
0.0
0.0
0.0
0.0
0.0
0.0
0.0
0.0
22.228044509887695
42.14435958862305
0.8254244327545166
36.898563385009766
0.0
0.0
72.50035858154297
10.12679672241211
16.933366775512695
3.0469040870666504
1.966770887374878
2.0161237716674805
8.21376895904541
7.850839614868164
0.0
0.0
0.0
0.0
0.0
17.63962745666504
0.0
0.0
0.0
0.0
7.620269775390625
21.525331497192383
9.836280822753906
9.61240291595459
0.0
0.0
0.0
0.0
0.0
0.0
0.0
0.0
0.0
0.0
0.0
0.0
0.0
0.0
0.0
0.0
0.0
0.0
0.0
0.0
37.74772644042969
0.0
11.672124862670898
0.63850337266922
3.8853535652160645
0.0
0.0
0.0
1.8679944276809692
30.692407608032227
14.396134376525879
2.530897378921509
0.0
0.0
0.0
0.0
0.0
0.0
0.0
0.0
0.36458882689476013
3.205326795578003
0.0
0.0
0.0
43.7060661315918
6.181292533874512
5.948922157287598
1.0123907327651978
12.054786682128906
0.0
20.010700225830078
6.101741790771484
7.292018890380859
0.0
0.0
3.033628463745117
0.0
0.0
0.0
0.0
4.997734069824219
2.0163235664367676
0.7414552569389343
0.0
20.3179874420166
2.0507850646972656
0.0
0.0
0.0
0.0
11.684964179992676
2.892333984375
0.0
0.0
0.0
0.0
0.0
0.0
1.0639065504074097
15.294673919677734
8.212970733642578
4.841548442840576
0.0
15.909987449645996
210.62803649902344
9.095172882080078
2.267733097076416
0.4239700734615326
0.0
0.0
0.385427325963974
0.0
50.31311798095703
280.7181396484375
247.53643798828125
0.0
97.06922912597656
232.65138244628906
78.88259887695312
26.597036361694336
0.11829318106174469
0.0
0.0
0.0
0.0
0.0
0.1156282052397728
0.0
0.0
0.0
0.0
0.0
6.79249906539917
0.0
0.0
0.0
0.0
0.0
0.0
0.0
0.0
0.0
0.0
0.0
0.0
0.0
0.0
1.9004956483840942
24.62204360961914
0.0
0.0
0.0
0.0
0.0
0.0
0.0
0.0
0.0
0.0
0.0
0.0
0.0
0.0
0.0
0.0
0.0
0.0
6.921534538269043
2.850743532180786
0.0
0.0
0.0
2.0161237716674805
5.983065605163574
69.95841217041016
103.94084167480469
2.128121852874756
1.942086100578308
0.0
0.0
0.0
0.0
0.0
0.0
0.0
0.0
0.0
3.1382813453674316
20.25507354736328
13.263218879699707
31.409162521362305
0.0
0.0
0.1156282052397728
11.141478538513184
2.635688543319702
0.0
0.0
0.0
0.0
7.703701496124268
0.0
0.0
0.1156282052397728
0.0
0.0
23.366634368896484
30.846309661865234
0.0
0.0
7.790323257446289
2.148069143295288
3.9304940700531006
21.10047721862793
25.084205627441406
23.930137634277344
32.93327713012695
13.525041580200195
21.917247772216797
116.7774429321289
60.423343658447266
4.9718852043151855
2.902606725692749
31.9384708404541
0.0
0.9593911170959473
0.0
0.0
0.0
0.0
0.0
0.0
0.0
0.0
0.0
0.0
0.0
3.8009912967681885
9.502477645874023
0.456050843000412
6.668058395385742
0.0
0.2312564104795456
0.0
0.0
0.0
0.0
0.0
0.0
0.0
0.0
0.0
0.0
0.0
0.0
0.0
0.26008981466293335
0.0
39.67738342285156
0.0
3.4957070350646973
0.0
0.0
0.0
0.0
0.0
0.0
1.9004956483840942
0.0
0.0
0.0
0.0
0.0
44.693695068359375
0.0
0.0
0.0
0.0
0.2697991132736206
0.0
0.0
0.0
0.0
0.0
0.43114396929740906
14.37848949432373
0.0
0.0
20.929834365844727
0.4815402030944824
0.0
0.968534529209137
54.39047622680664
54.58417510986328
0.1168094351887703
36.94077682495117
1.188591718673706
45.78763198852539
44.09227752685547
17.612876892089844
0.1766866147518158
5.64677619934082
6.854383945465088
41.75651168823242
11.829514503479004
8.685794830322266
40.68070983886719
170.343994140625
2.901477098464966
0.0
2.969419479370117
0.0
0.0
0.0
0.0
0.0
0.0
0.0
0.0
0.0
0.0
0.0
0.0
0.0
0.0
0.0
4.548391819000244
20.381731033325195
22.550371170043945
7.306634902954102
27.75910186767578
33.71725082397461
95.23518371582031
25.27752113342285
23.273778915405273
7.825278282165527
1.9481816291809082
17.046323776245117
77.58588409423828
17.89556121826172
1.2119016647338867
0.0
0.0
0.0
0.0
0.0
0.0
0.0
0.0
0.0
56.099464416503906
6.789260387420654
0.4325700104236603
6.194510459899902
77.00362396240234
0.9502478241920471
0.3976184129714966
6.769629001617432
3.8101348876953125
0.0
0.0
24.725669860839844
44.19745635986328
1.9573248624801636
0.0
2.054666757583618
0.0
0.0
0.0
0.0
0.0
0.0
25.83480453491211
0.0
0.0
0.0
0.0
0.0
0.0
0.0
0.0
0.0
0.0
0.0
0.0
0.0
0.0
0.0
0.0
0.0
0.0
0.0
0.0
0.0
0.0
0.0
0.0
0.0
0.0
0.0
0.0
0.0
0.0
0.0
0.0
0.0
0.0
0.0
0.0
0.0
0.0
0.0
0.0
0.0
0.0
0.0
0.0
11.302865982055664
22.057872772216797
26.856840133666992
6.728820323944092
0.6937692165374756
104.2188720703125
3.2500391006469727
1.72415030002594
0.0
0.0
0.0
0.0
0.0
8.857820510864258
109.21129608154297
64.74425506591797
13.767460823059082
5.972764015197754
3.4394354820251465
3.0073282718658447
8.784165382385254
59.6207389831543
27.122713088989258
1.8728911876678467
1.9585576057434082
0.0
4.86991548538208
17.4912052154541
4.164409160614014
1.0520180463790894
0.0
6.7928290367126465
0.11867597699165344
30.788644790649414
2.944249153137207
3.023120641708374
0.0
0.0
0.0
0.0
0.0
6.945083141326904
18.44289207458496
8.903160095214844
9.983515739440918
1.0630278587341309
248.41102600097656
54.5975341796875
9.948079109191895
29.233461380004883
21.44806480407715
7.26512336730957
81.13713073730469
145.59619140625
19.296287536621094
5.894001007080078
0.0
4.89990758895874
2.850743532180786
0.0
0.39172250032424927
0.0
0.0
0.0
21.060701370239258
37.17800521850586
0.0
0.0
0.0
0.0
0.0
0.0
3.8009912967681885
0.0
0.0
0.0
0.0
0.3083418607711792
3.5741608142852783
93.1395263671875
0.6937692165374756
2.912886381149292
0.0
0.0
0.9920379519462585
0.0
0.0
0.0
0.0
0.0
1.9584033489227295
10.294905662536621
0.41624659299850464
0.0
0.0
54.607513427734375
1.7657406330108643
0.0
0.0
0.0
0.0
0.0
0.0
0.0
0.0
0.0
0.0
0.0
1.9126867055892944
0.9624388813972473
9.780854225158691
0.0
0.0
0.0
0.0
0.0
0.0
0.0
0.21220414340496063
0.0
0.0
0.0
0.0
0.0
0.0
0.0
0.0
0.0
20.242229461669922
0.0
0.0
0.0
0.0
0.0
0.0
0.0
0.0
0.0
0.0
0.18819241225719452
87.18608093261719
1.9390382766723633
0.0
0.0
3.837564468383789
0.0
0.0
0.0
2.9838764667510986
0.0
27.841445922851562
90.01570892333984
4.766053676605225
15.996548652648926
7.2631611824035645
0.0
0.17955735325813293
2.0369784832000732
5.740029811859131
0.0
0.0
1.9157345294952393
20.748708724975586
4.901979446411133
74.52963256835938
6.831366062164307
2.160179853439331
28.916658401489258
1.6495301723480225
13.073450088500977
2.1453466415405273
0.15682974457740784
1.9836766719818115
85.32482147216797
14.24976634979248
26.31568717956543
26.85744285583496
4.066851615905762
31.484233856201172
6.236174583435059
0.10708370804786682
1.9390382766723633
7.601982593536377
0.0
0.0
0.0
0.0
0.0
0.0
0.0
0.0
0.0
0.0
0.0
0.0
0.0
0.0
0.0
0.0
0.0
19.35184097290039
0.0
0.0
0.0
0.0
0.3468846082687378
0.0
0.0
0.0
0.0
0.0
0.0
0.0
0.0
0.0
0.0
0.0
0.0
0.0
0.0
0.0
0.0
0.0
0.0
0.0
0.0
0.0
0.0
0.0
0.0
0.0
0.0
0.0
0.0
0.0
0.0
0.0
11.519394874572754
18.0095272064209
20.418567657470703
16.542150497436523
9.004251480102539
2.914752721786499
0.0
0.0
0.0
0.36659738421440125
42.56595230102539
24.59783172607422
1.8561468124389648
0.0
22.928373336791992
43.991455078125
17.416345596313477
0.0
0.0
0.15507227182388306
0.0
0.0
0.0
27.52716827392578
12.68934154510498
0.0
48.1075439453125
0.0
0.0
0.0
7.205606937408447
18.097705841064453
25.34269142150879
15.892069816589355
0.3083418607711792
2.9808285236358643
6.1431779861450195
5.369873523712158
2.643280506134033
2.235485553741455
9.512659072875977
27.016700744628906
0.13473103940486908
4.983686923980713
8.59077262878418
9.95024585723877
0.0
8.079367637634277
17.393266677856445
1.334835171699524
1.1044187545776367
110.01586151123047
1.9004956483840942
1.0791964530944824
0.0
70.5922622680664
0.0
36.24538803100586
0.3640002906322479
13.502280235290527
2.29162335395813
157.79173278808594
15.767364501953125
7.080845832824707
2.2301719188690186
8.834220886230469
0.0
9.94601821899414
3.0234005451202393
0.0
0.9563433527946472
3.6723318099975586
0.2819902300834656
0.0
0.0
0.0
0.0
3.1450319290161133
1.0237030982971191
7.59721040725708
0.0
5.101171493530273
1.9004956483840942
1.5094168186187744
10.35168170928955
0.0
2.0458197593688965
0.0
0.0
4.985543251037598
62.926673889160156
0.1147371232509613
30.354570388793945
28.7327938079834
31.811887741088867
0.0
33.64410400390625
0.0
30.795513153076172
0.0
0.0
0.0
0.0
0.0
2.850743532180786
0.0
0.0
0.0
0.0
0.0
0.0
0.0
0.0
0.0
0.0
0.0
0.0
0.0
0.0
0.0
0.18545329570770264
2.224292516708374
5.0414814949035645
0.0
0.0
0.0
0.0
0.0
0.0
0.0
0.0
0.0
0.0
0.0
0.0
30.984695434570312
0.29253700375556946
0.1713956594467163
14.39737319946289
10.493535041809082
66.0491714477539
11.640326499938965
0.4597613513469696
4.958705425262451
16.248693466186523
0.0
0.0
0.0
0.0
0.0
0.0
0.0
0.0
16.599756240844727
14.700203895568848
1.005313515663147
22.040348052978516
1.9065911769866943
4.113127708435059
22.7098331451416
0.0
0.0
0.0
0.0
0.0
0.0
0.0
0.0
2.042572021484375
149.05679321289062
31.608755111694336
9.846708297729492
1.966468334197998
0.0
5.710630416870117
5.0892767906188965
117.59285736083984
9.020153045654297
19.06591796875
3.878373146057129
5.853688716888428
1.952513575553894
6.230668067932129
0.29331904649734497
46.81462860107422
13.681031227111816
2.9593911170959473
5.710630416870117
1.9928200244903564
0.0
0.0
8.855754852294922
5.7990217208862305
2.106684446334839
14.510435104370117
0.0
0.0
0.0
0.0
0.0
1.176589846611023
0.0
0.0
0.0
0.0
0.0
0.0
0.0
0.0
10.221627235412598
36.507423400878906
6.15210485458374
3.837564468383789
0.0
0.0
0.0
0.11276770383119583
5.740029811859131
0.0
0.0
0.0
0.0
0.0
0.0
0.0
0.0
0.0
0.0
0.0
0.0
0.0
0.0
0.0
0.0
0.0
0.0
0.0
0.0
0.0
0.0
0.0
0.0
0.0
0.0
0.0
0.0
0.0
0.0
0.0
0.0
0.0
0.0
0.0
0.0
0.0
0.0
0.0
0.0
0.0
0.0
0.0
0.0
0.0
0.0
0.0
0.0
0.0
0.0
0.0
29.457683563232422
1.0711314678192139
12.898229598999023
17.12274742126465
76.06856536865234
31.947816848754883
4.134800434112549
17.499629974365234
0.0
0.0
0.0
0.0
21.114490509033203
29.856246948242188
38.3253288269043
21.24633026123047
23.096342086791992
3.4096617698669434
4.149256706237793
9.912686347961426
1.9259623289108276
37.26801300048828
6.701635360717773
32.09123229980469
26.39810562133789
1.0507339239120483
0.9502478241920471
0.0
0.0
0.0
0.0
0.0
0.0
2.7750768661499023
0.0
0.0
0.0
1.2333674430847168
0.0
0.0
1.9778776168823242
1.0658760070800781
0.19576144218444824
0.0
0.0
0.0
0.0
0.0
0.0
0.0
0.0
0.0
0.0
0.0
0.0
0.0
0.0
0.0
0.0
0.0
0.0
0.0
0.0
0.0
0.0
0.0
0.0
0.0
0.0
0.0
0.0
0.0
0.0
0.0
0.0
0.0
0.0
0.0
0.0
0.0
0.0
0.0
0.0
0.0
0.0
0.0
0.0
0.0
0.0
0.0
0.0
0.0
0.0
0.0
0.0
0.0
0.0
9.726799011230469
0.0
0.9502478241920471
3.9315786361694336
14.189952850341797
8.61318588256836
2.225236415863037
143.6950225830078
27.697031021118164
3.3112869262695312
0.0
0.0
4.999314785003662
1.934021234512329
1.416886806488037
0.0
0.0
0.0
0.0
0.0
0.0
0.0
0.0
0.0
0.0
0.0
0.0
2.870553970336914
9.067986488342285
4.223191261291504
0.0
0.0
10.460749626159668
11.402974128723145
0.0
0.0
5.070887565612793
32.69350814819336
29.748371124267578
6.226233005523682
0.0
19.519332885742188
11.285534858703613
6.890416145324707
0.8997523188591003
0.0
1.9168189764022827
0.0
0.3520890772342682
0.385427325963974
6.963122367858887
19.127758026123047
30.9783992767334
6.597659587860107
5.056822776794434
1.0658760070800781
0.2312564104795456
0.0
1.05800461769104
17.577003479003906
5.821479797363281
2.0161237716674805
2.110119342803955
0.0
0.0
0.0
0.0
0.0
0.0
0.0
4.302046775817871
0.15445493161678314
0.0
0.0
1.9775811433792114
0.0
0.0
0.0
0.0
7.614173889160156
0.4625128209590912
0.0
0.0
0.0
0.0
0.0
0.0
0.0
0.0
0.0
0.0
0.0
0.0
0.0
0.0
0.0
0.0
0.0
0.0
0.0
0.0
0.0
0.0
0.0
0.0
0.0
0.0
0.0
0.0
0.0
0.0
0.0
0.0
0.0
0.0
0.0
0.0
0.0
2.966371536254883
8.085126876831055
0.0
0.0
0.0
0.0
0.0
0.0
0.0
0.0
0.0
0.0
0.0
0.0
0.0
18.5101261138916
0.0
1.027333378791809
0.0
0.0
0.0
0.0
34.34042739868164
0.0
0.0
5.701487064361572
0.0
0.0
0.10894408077001572
0.0
0.0
0.0
1.0778321027755737
16.133960723876953
23.823246002197266
0.0
0.0
0.0
0.0
0.0
0.0
2.298513412475586
0.0
0.0
0.9532955884933472
0.0
0.0
0.0
0.0
0.0
0.0
0.0
0.0
0.0
3.3721518516540527
0.0
0.0
0.0
0.0
0.0
0.0
0.0
0.0
0.7799980044364929
32.8564338684082
0.0
110.77133178710938
28.77448081970215
18.397567749023438
0.12172375619411469
0.0
5.851034164428711
1.459275722503662
23.42254638671875
20.364675521850586
0.5781409740447998
0.0
0.0
7.229876518249512
8.73924732208252
0.0
0.0
0.0
0.0
0.0
0.0
0.0
0.0
0.0
0.0
0.0
0.0
0.0
0.0
0.0
0.0
0.0
0.0
0.0
0.0
0.0
0.0
0.0
0.0
0.0
0.0
0.0
0.0
0.0
0.0
0.0
0.0
0.0
0.0
0.0
0.0
0.0
0.0
0.0
0.0
0.0
0.0
58.50723648071289
1.0406537055969238
2.39477801322937
0.0
0.0
0.0
0.0
0.0
0.0
0.0
0.0
0.0
0.0
0.0
0.0
32.32174301147461
12.32752513885498
0.0
5.217095851898193
0.0
0.9635683298110962
0.0
79.02143859863281
9.619827270507812
23.50720977783203
1.9096390008926392
0.0
0.0
0.0
0.0
27.704877853393555
35.300933837890625
28.097131729125977
7.716447830200195
1.0154385566711426
11.266654968261719
4.8102312088012695
0.6960349678993225
51.6488037109375
0.7899335622787476
12.297618865966797
27.886629104614258
3.773465871810913
1.0492147207260132
36.42616653442383
34.83619689941406
32.685142517089844
4.198609828948975
10.061448097229004
6.569042205810547
1.903543472290039
4.191380977630615
48.58905029296875
10.00836181640625
7.907373428344727
1.0399235486984253
2.449436902999878
12.450220108032227
9.734725952148438
0.0
0.0
0.0
0.0
0.0
0.0
0.0
0.0
14.10697078704834
0.0
0.8665292859077454
1.9168189764022827
36.910736083984375
3.0597803592681885
4.784764766693115
0.17237728834152222
0.0
0.0
0.0
0.0
0.0
0.0
0.0
0.0
3.8662850856781006
0.0
0.11426377296447754
0.0
0.0
0.0
6.419741153717041
0.0
0.0
0.0
0.0
0.0
2.1993086338043213
0.0
0.0
38.05474853515625
33.347721099853516
38.28953552246094
14.45734691619873
23.919431686401367
11.590693473815918
18.281599044799805
0.10610207170248032
6.472342014312744
4.81219482421875
0.0
0.0
0.0
0.0
0.0
0.0
0.0
0.0
0.0
0.9635683298110962
2.9087023735046387
0.0
0.9502478241920471
0.0
0.0
0.6284507513046265
47.67625427246094
1.002060055732727
0.0
0.0
28.507434844970703
0.0
0.0
0.2697991132736206
0.0
0.0
0.0
0.0
0.0
1.3868472576141357
59.707454681396484
6.59133243560791
12.402192115783691
25.69685935974121
0.0
11.402974128723145
0.0
1.5720365047454834
6.691356182098389
16.203184127807617
0.0
0.0
0.0
0.0
10.922858238220215
7.0644097328186035
0.5336189866065979
3.8735995292663574
35.8427848815918
24.449846267700195
0.0
1.3178948163986206
1.1527271270751953
0.12242547422647476
33.35261154174805
92.77873229980469
55.17343521118164
16.678075790405273
0.40084442496299744
0.0
0.9624388813972473
0.0
0.0
0.0
0.0
4.751238822937012
0.0
0.0
0.15507227182388306
8.808551788330078
11.110804557800293
68.06636810302734
3.8223259449005127
0.0
0.0
0.1713956594467163
0.0
2.869029998779297
8.952011108398438
27.32771110534668
0.42130911350250244
71.340576171875
43.2850227355957
43.73223876953125
1.6990993022918701
2.2988836765289307
17.571849822998047
59.08197784423828
7.035113334655762
0.0
3.064392566680908
0.0
2.8537912368774414
10.49736499786377
19.00800323486328
0.0
0.0
0.0
0.0
0.0
0.0
0.0
0.0
0.0
0.0
1.9004956483840942
0.0
0.0
0.0
0.0
0.0
0.0
9.71760368347168
0.0
0.8479401469230652
4.751238822937012
1.9004956483840942
0.0
0.0
0.9502478241920471
0.0
0.0
0.0
17.71565818786621
13.555169105529785
0.0
0.0
0.0
0.0
0.0
0.0
0.0
0.0
0.0
0.0
0.0
28.507434844970703
2.413327932357788
0.15543656051158905
0.0
28.49399757385254
0.0
0.0
0.0
0.0
0.0
0.0
0.0
0.0
0.0
0.0
0.0
0.21009758114814758
1.7104460000991821
0.10791965574026108
2.859886884689331
8.899894714355469
28.027359008789062
0.3095230758190155
0.0
0.3508501350879669
0.0
0.0
0.0
0.0
0.0
0.0
0.0
1.2155072689056396
16.391565322875977
36.43561935424805
1.1596657037734985
10.918457984924316
11.418212890625
0.0
0.0
0.3169686794281006
109.46481323242188
30.763343811035156
0.0
0.0
0.0
0.0
0.0
0.0
7.235465049743652
0.2707971930503845
3.8009912967681885
16.43418312072754
25.992738723754883
11.892437934875488
0.12638452649116516
0.0
4.751238822937012
0.0
0.0
0.0
0.0
0.0
0.0
91.39916229248047
20.602191925048828
34.703590393066406
2.9618566036224365
11.476325988769531
1.4339168071746826
39.56047058105469
472.9537658691406
18.817670822143555
2.5161640644073486
19.383800506591797
4.111489772796631
0.0
59.11048889160156
64.03499603271484
11.486467361450195
3.8539910316467285
9.502477645874023
0.0
0.12221970409154892
0.0
31.086469650268555
33.301517486572266
0.1187727078795433
0.37001025676727295
0.0
0.0
0.0
0.0
0.0
0.0
0.0
0.0
0.0
0.0
0.0
0.0
24.83037567138672
9.479557991027832
0.5633521676063538
7.620742321014404
35.785030364990234
6.071319103240967
0.0
0.0
0.0
0.0
0.0
0.0
0.0
0.0
0.2877959609031677
0.8809686899185181
0.928569495677948
0.0
0.30810362100601196
8.752230644226074
0.33129891753196716
0.0
0.0
0.0
0.0
0.8881968855857849
0.0
0.0
0.0
0.0
0.0
0.0
0.0
0.0
0.0
0.0
0.3228371739387512
17.107158660888672
0.0
0.0
0.0
0.0
0.0
0.0
0.0
0.0
0.0
37.08988952636719
0.9684661626815796
25.51573371887207
15.265984535217285
1.9737160205841064
0.0
1.5056055784225464
4.189945697784424
8.330486297607422
46.91300582885742
38.468502044677734
30.976411819458008
1.5752567052841187
39.99634552001953
83.97755432128906
44.87301254272461
21.88731575012207
42.460697174072266
14.81432819366455
2.046060800552368
1.5830000638961792
27.134929656982422
11.179803848266602
4.963923931121826
0.0
0.29674339294433594
1.7161786556243896
4.196633338928223
0.12126874178647995
0.0
1.9366650581359863
0.0
2.838010549545288
1.8076950311660767
0.0
11.383779525756836
0.0
0.0
6.047633171081543
0.0
11.028036117553711
7.230373859405518
2.332458019256592
0.3048919439315796
5.381218910217285
30.04820442199707
6.884490489959717
1.0672293901443481
0.0
0.0
0.0
13.25143051147461
1.557952880859375
5.2289719581604
2.5134494304656982
7.655764579772949
2.262105703353882
0.23447346687316895
0.0
0.0
0.0
0.0
0.0
0.0
0.0
0.0
0.0
0.0
0.0
0.0
0.0
0.0
0.0
0.0
0.0
0.0
0.0
0.0
0.0
0.0
0.0
0.0
0.0
0.0
0.0
0.0
0.0
0.0
0.0
0.0
0.0
0.0
0.0
0.0
0.0
0.0
0.0
0.0
0.0
0.0
0.0
0.0
0.7411155700683594
17.9927978515625
1.6959357261657715
19.321550369262695
0.0
0.0
0.0
0.0
0.0
0.0
0.0
0.0
0.0
0.0
0.0
0.0
12.353221893310547
0.0
0.0
0.0
0.0
0.0
0.2697991132736206
0.0
10.939620971679688
0.0
4.990203857421875
0.0
0.0
4.943952560424805
2.301793336868286
4.951757431030273
4.970512866973877
10.796660423278809
1.0833806991577148
29.955169677734375
1.3078887462615967
0.0
3.9401981830596924
19.580156326293945
15.863609313964844
56.401763916015625
15.779742240905762
0.0
13.749070167541504
3.179885149002075
8.841395378112793
5.232490539550781
6.7458415031433105
11.402974128723145
23.324935913085938
1.0073797702789307
10.887398719787598
13.71130084991455
0.0
5.611431121826172
0.0
0.30709436535835266
17.151365280151367
0.1945904642343521
19.024168014526367
4.203027248382568
0.0
0.0
0.0
7.608078479766846
0.0
0.0
0.0
0.0
11.76484489440918
7.611125946044922
2.284050464630127
0.0
14.122271537780762
51.163997650146484
19.528823852539062
23.80692481994629
3.5827817916870117
64.6135025024414
4.916166305541992
4.04443883895874
0.0
0.0
0.0
2.9432461261749268
0.0
0.0
0.0
0.0
0.0
0.0
0.0
0.0
0.0
0.0
0.0
0.0
0.0
0.0
0.0
0.0
0.0
0.0
0.0
0.0
0.0
0.0
0.0
0.0
0.0
0.0
0.0
0.0
0.0
1.7344229221343994
0.442096084356308
4.283143997192383
0.38949576020240784
3.9261558055877686
4.648931503295898
0.0
0.0
0.0
0.0
0.0
0.0
1.9065911769866943
35.84886169433594
73.524169921875
0.12191103398799896
0.0
0.0
0.0
0.0
0.0
27.945903778076172
2.9945034980773926
16.214351654052734
37.37834548950195
24.464462280273438
108.70967864990234
5.064438819885254
140.9877166748047
36.63219451904297
15.451053619384766
30.95406723022461
54.62105178833008
3.8590056896209717
118.05838012695312
21.63520622253418
39.48299026489258
0.0
0.0
0.0
0.0
0.0
0.0
0.0
0.0
0.0
0.0
0.0
0.0
0.0
0.0
0.0
0.0
0.1642155945301056
21.597444534301758
18.47798728942871
18.05470848083496
0.0
0.0
0.0
0.0
3.227214813232422
0.0
0.0
0.0
0.0
0.0
2.8842689990997314
0.0
0.0
0.0
0.0
32.309471130371094
0.9502478241920471
0.0
0.0
0.0
0.0
0.0
0.0
0.0
0.0
0.0
0.0
0.0
0.0
0.21220414340496063
0.0
0.0
0.0
0.0
0.21220414340496063
0.0
2.883390426635742
12.103026390075684
0.0
0.0
0.0
0.0
0.0
0.0
0.0
1.0645116567611694
29.40021514892578
1.3814082145690918
30.438512802124023
1.927925705909729
0.0
0.0
0.0
0.0
0.0
0.0
0.0
0.0
0.0
0.0
0.0
0.0
0.0
0.0
0.0
0.0
0.0
20.973100662231445
14.78171157836914
2.911699056625366
0.0
0.0
0.0
0.0
0.2835932672023773
1.1664812564849854
26.53038787841797
1.2158730030059814
50.509239196777344
8.017888069152832
0.26117435097694397
35.64460372924805
0.2201436311006546
0.20303823053836823
16.154212951660156
6.651734828948975
0.12242547422647476
7.39450740814209
44.568878173828125
0.26480451226234436
20.660381317138672
13.3292236328125
50.95708084106445
12.315611839294434
8.552229881286621
0.6594554781913757
1.1902648210525513
11.709738731384277
13.590766906738281
12.405034065246582
0.0
6.6598968505859375
1.4031705856323242
104.35731506347656
30.34072494506836
26.261571884155273
3.9532957077026367
8.073854446411133
16.892719268798828
0.0
0.0
2.9577243328094482
0.29123029112815857
0.0
5.001683235168457
30.362945556640625
8.686241149902344
3.9369723796844482
2.1114959716796875
2.9278290271759033
0.0
3.271984815597534
16.379871368408203
4.076982498168945
11.589688301086426
3.871295928955078
0.30019041895866394
27.906421661376953
0.0
0.0
4.783782482147217
0.0
0.19588075578212738
44.75355911254883
1.9096390008926392
12.45773696899414
0.0
0.0
14.590971946716309
36.76023864746094
53.062503814697266
35.56116485595703
1.9096390008926392
1.9392380714416504
0.42142850160598755
51.7702751159668
21.348012924194336
82.69819641113281
0.0
1.9004956483840942
1.0691823959350586
373.60833740234375
41.288970947265625
21.341814041137695
5.0038299560546875
0.0
2.902761459350586
1.0303810834884644
7.796379566192627
8.981051445007324
28.589962005615234
2.324465751647949
0.0
0.0
0.0
0.0
0.0
0.0
0.0
0.0
0.0
0.0
0.0
0.0
0.0
0.0
0.0
0.0
0.0
0.0
0.0
0.0
0.0
0.0
0.0
0.0
0.0
0.0
0.0
0.0
0.0
0.0
19.976537704467773
0.0
0.0
0.0
0.0
0.0
0.0
0.0
0.0
0.0
0.0
0.0
0.0
0.0
0.0
0.0
0.0
0.0
0.0
0.0
0.0
0.0
0.33952662348747253
48.47325134277344
26.907329559326172
0.0
0.0
0.973413348197937
28.037790298461914
31.05331802368164
12.569735527038574
65.54044342041016
31.331809997558594
140.228759765625
17.233930587768555
0.0
6.044278621673584
14.679978370666504
17.686120986938477
25.53923797607422
6.377265930175781
16.31281280517578
14.35250186920166
11.13843059539795
0.11867597699165344
23.359222412109375
0.7304454445838928
5.704535007476807
0.0
17.55999183654785
0.0
0.0
0.0
0.0
8.706400871276855
0.0
1.0385427474975586
7.623316764831543
0.0
0.0
0.0
0.0
0.0
0.0
3.04345703125
4.0658698081970215
0.0
0.0
0.0
0.0
3.8744466304779053
4.17285680770874
0.1482749879360199
0.16323396563529968
17.773059844970703
5.802063941955566
1.0459673404693604
9.202826499938965
2.8568389415740967
0.0
0.0
0.0
2.0102155208587646
0.2697991132736206
0.0
1.9004956483840942
0.0
0.0
0.9502478241920471
0.0
0.9502478241920471
0.0
0.0
0.0
0.0
0.0
0.0
0.0
0.0
0.0
0.0
0.0
0.0
0.0
0.0
0.0
0.0
0.0
0.0
0.0
0.0
0.0
0.0
0.0
0.1348995566368103
0.2589024007320404
28.747533798217773
20.225191116333008
3.9072978496551514
0.0
0.0
0.0
15.051533699035645
4.833837509155273
2.247898817062378
57.474945068359375
0.0
0.0
0.0
0.0
0.0
0.0
0.0
0.0
45.25021743774414
59.3099365234375
0.0
0.10088527202606201
58.975242614746094
0.0
0.0
0.15507227182388306
0.0
14.375441551208496
0.0
0.0
0.0
4.751238822937012
0.0
0.0
0.17620092630386353
1.9249807596206665
4.759400367736816
0.0
6.285141468048096
3.884172201156616
6.848597049713135
52.722469329833984
194.5480194091797
17.871376037597656
0.3754381239414215
34.25951385498047
187.48033142089844
28.970840454101562
19.628231048583984
0.38700777292251587
13.516050338745117
0.0
3.9288108348846436
0.24266545474529266
9.437484741210938
93.87081146240234
50.900489807128906
27.024456024169922
2.958409547805786
0.0
1.9004956483840942
0.0
0.0
0.0
0.9726668000221252
14.27505111694336
6.607341289520264
0.0
0.0
0.0
0.0
0.0
0.0
0.0
0.0
0.0
27.24176025390625
2.031362533569336
0.37551841139793396
52.854148864746094
0.0
0.0
0.0
0.0
0.0
0.0
0.0
10.145550727844238
110.33738708496094
24.789216995239258
46.21973419189453
0.24344751238822937
9.698240280151367
3.937474250793457
2.98830509185791
27.01998519897461
0.0
0.0
0.0
0.0
0.0
0.0
0.0
0.0
0.0
0.0
0.0
0.0
0.0
0.0
0.0
19.909564971923828
0.0
0.0
0.17245759069919586
0.0
0.0
0.0
0.0
0.0
0.0
0.0
0.0
0.0
0.0
0.0
12.353221893310547
0.26913028955459595
15.830869674682617
0.0
0.0
0.0
2.9067909717559814
2.2769153118133545
97.51968383789062
80.69620513916016
77.5323715209961
32.96737289428711
17.62560272216797
29.784313201904297
0.0
1.9004956483840942
0.0
0.0
0.0
0.0
0.0
0.0
0.0
0.16323396563529968
35.89472579956055
0.0
4.754286766052246
0.0
0.1150396317243576
0.0
0.0
0.0
0.9828946590423584
4.045140743255615
0.5290843844413757
10.89853286743164
0.0
0.0
0.0
0.0
4.289003849029541
58.33564758300781
10.762249946594238
2.536750078201294
32.820220947265625
2.338549852371216
104.97296142578125
133.58395385742188
1.9462122917175293
0.0
1.1825826168060303
0.0
0.0
4.086029529571533
6.6925435066223145
1.181504249572754
0.0
0.0
1.9442490339279175
5.713677883148193
0.0
0.0
0.0
0.0
0.0
5.459265232086182
0.9654867649078369
0.1784728467464447
41.32707595825195
61.43962860107422
62.367862701416016
33.841835021972656
16.80765724182129
0.0
0.3672764301300049
33.8714714050293
0.0
0.0
0.0
0.0
0.0
0.0
0.0
0.0
0.0
0.0
2.032447099685669
20.582714080810547
6.822228908538818
17.36924171447754
7.807965278625488
5.704535007476807
0.0
0.0
0.0
0.0
0.0
0.0
45.61189651489258
0.0
1.4513033628463745
0.0
0.0
0.0
0.0
0.0
0.0
0.0
0.0
0.0
0.0
0.0
0.0
0.0
0.0
6.844449043273926
8.329875946044922
0.28751981258392334
0.0
0.0
0.0
0.0
0.0
3.8913462162017822
0.0
0.0
0.0
0.0
0.0
0.0
0.0
0.0
2.1260557174682617
0.0
0.9584094882011414
48.34613800048828
0.0
24.113508224487305
0.0
8.568553924560547
2.955259084701538
0.31750163435935974
9.622232437133789
139.3541259765625
37.03368377685547
0.0
50.369232177734375
2.8537912368774414
0.0
4.94503116607666
7.623316764831543
0.9635683298110962
31.444869995117188
20.101613998413086
0.0
0.0
2.3988265991210938
0.0
0.0
0.0
0.0
0.0
0.0
0.0
0.0
7.655963897705078
24.2559814453125
10.029998779296875
2.966371536254883
39.380943298339844
18.159223556518555
8.599031448364258
8.146220207214355
0.968534529209137
0.0
0.0
0.0
0.5302717089653015
16.987022399902344
9.252570152282715
27.1589298248291
2.850743532180786
0.0
0.0
0.0
0.0
0.0
0.0
0.0
0.0
0.0
0.0
0.0
11.43453598022461
44.26920700073242
5.059876918792725
0.0
5.958802223205566
0.0
0.0
0.0
0.0
0.0
0.0
0.0
0.0
28.366802215576172
48.524784088134766
42.3721923828125
2.859886884689331
9.527127265930176
0.0
50.57530975341797
140.7139892578125
49.58464050292969
24.6295166015625
88.60942077636719
0.13766436278820038
0.0
0.0
0.0
9.627436637878418
0.0
0.0
0.0
0.5781409740447998
2.182987928390503
0.0
0.0
0.0
0.0
0.0
0.0
0.0
0.0
0.0
0.0
0.0
0.0
0.0
0.0
0.0
0.0
1.269576072692871
0.0
0.21688799560070038
7.542856693267822
77.22557830810547
2.765007734298706
4.0581464767456055
16.871084213256836
2.2005984783172607
0.0
0.0
0.0
0.0
0.0
0.0
0.0
0.35694241523742676
0.0
0.10708273202180862
0.0
0.0
0.0
1.2917706966400146
2.3086769580841064
8.802393913269043
0.16927681863307953
1.7072237730026245
3.4437880516052246
12.791110038757324
11.873527526855469
12.846399307250977
0.1427769809961319
0.35928186774253845
0.0
94.36199188232422
12.775638580322266
15.274415016174316
1.8958073854446411
2.7759382724761963
8.209481239318848
0.16927681863307953
4.014045715332031
0.3570649027824402
0.4588862955570221
0.6771072745323181
0.11329397559165955
1.2149159908294678
0.0
0.0
0.0
25.039459228515625
3.250498056411743
9.231481552124023
3.4516172409057617
3.919931411743164
0.0
0.808660089969635
0.0
3.2858095169067383
0.0
0.0
0.0
0.0
0.0
0.0
0.0
0.0
0.0
0.0
0.0
0.0
0.0
0.0
0.0
0.0
0.0
0.0
0.0
0.0
0.0
0.0
0.0
0.0
0.0
0.0
0.0
0.0
0.5176194310188293
1.938755989074707
1.914161205291748
0.2036992907524109
0.0
0.0
0.0
0.0
0.0
0.0
0.0
0.0
0.28995412588119507
0.7503232955932617
0.21029363572597504
32.89260482788086
2.433566093444824
0.33855363726615906
8.971671104431152
1.609249234199524
0.6304978132247925
0.0
0.0
0.0
44.99764633178711
0.0
1.0708272457122803
1.5153802633285522
0.41057202219963074
0.49469828605651855
0.0
0.0
0.0
2.7841508388519287
0.0
0.0
0.0
0.0
0.0
0.0
0.0
0.0
0.0
0.0
0.0
0.0
0.0
0.0
0.0
0.0
55.03007507324219
0.0
0.35694241523742676
13.203591346740723
47.964149475097656
3.0399551391601562
0.0
0.0
0.0
0.0
0.0
0.17847120761871338
24.959699630737305
30.810815811157227
89.4511489868164
20.851102828979492
6.93697452545166
5.612452507019043
9.269291877746582
0.5963976979255676
0.11801706999540329
12.396941184997559
0.3011782467365265
0.0
0.0
0.0
0.0
0.0
0.0
0.0
0.0
0.0
0.0
0.0
0.0
0.0
0.1427769809961319
0.0
0.0
0.0
0.0
0.0
3.3023998737335205
0.41225314140319824
3.046982526779175
0.9463009834289551
39.15945053100586
2.685380458831787
3.5045995712280273
1.2920204401016235
0.33855363726615906
0.0
0.0
0.0
0.6592208743095398
4.465102195739746
0.6713969111442566
0.2872938811779022
1.1385176181793213
0.17355452477931976
0.4025877118110657
0.1917211413383484
1.3230836391448975
4.071895122528076
0.10708273202180862
0.0
0.2776872217655182
0.6323061585426331
5.436221122741699
1.5392141342163086
0.0
0.0
0.0
0.0
0.0
0.0
0.0
0.0
0.0
0.0
0.0
0.0
0.0
0.0
0.0
0.0
0.48595261573791504
0.0
1.3563827276229858
0.0
0.544730544090271
0.0
0.0
0.0
0.0
0.0
3.05251407623291
0.0
0.0
0.0
0.0
0.1423790454864502
0.0
0.0
28.608266830444336
0.0
0.0
25.343244552612305
5.113868713378906
90.99175262451172
175.9717254638672
81.31637573242188
0.0
0.0
0.0
0.0
0.0
0.0
0.0
0.0
0.0
0.0
0.0
33.40532302856445
0.10393304377794266
0.0
55.117496490478516
18.871217727661133
0.0
0.0
1.9004956483840942
17.645126342773438
52.77412033081055
14.65088939666748
19.101205825805664
0.28828540444374084
21.483211517333984
0.385427325963974
3.839534044265747
0.0
0.0
1.9157345294952393
0.0
3.275608777999878
3.9592883586883545
8.823027610778809
1.3783440589904785
19.248403549194336
5.027430057525635
0.0
0.0
0.2312564104795456
0.0
0.0
4.751238822937012
0.0
0.0
0.0
115.45098876953125
8.102071762084961
0.8473576903343201
67.79023742675781
0.0
28.151004791259766
9.611503601074219
101.33972930908203
0.9658340811729431
2.859886884689331
0.0
15.34400463104248
35.77366638183594
0.0
0.0
0.0
0.0
0.0
0.0
0.0
0.4777516722679138
0.0
2.9278290271759033
0.0
0.0
0.0
0.0
0.0
0.0
0.0
0.0
0.0
0.0
0.0
0.0
0.0
0.0
0.0
0.0
0.0
0.0
0.0
0.0
0.0
0.0
0.0
0.0
0.0
0.0
0.0
0.0
0.0
0.0
0.0
0.0
0.0
0.0
0.0
0.0
0.0
0.0
0.0
0.0
0.0
0.0
0.0
0.0
0.0
0.0
0.0
0.14257249236106873
0.0
0.0
0.0
0.0
0.0
0.0
0.0
0.0
0.0
5.10362434387207
52.14635467529297
5.94336462020874
202.6607666015625
19.900720596313477
11.030181884765625
0.0
0.0
0.0
0.0
0.0
0.0
0.0
0.0
0.0
0.0
0.0
0.0
0.0
0.0
0.0
30.873491287231445
0.34739696979522705
0.0
0.0
0.0
6.7552690505981445
0.12703728675842285
0.0
0.0
0.0
0.13086707890033722
0.0
0.0
0.0
0.0
0.0
0.0
0.0
0.0
20.988834381103516
0.0
10.04759407043457
0.19576144218444824
105.26986694335938
0.0
4.785849094390869
0.0
10.518698692321777
0.0
0.0
0.0
14.497763633728027
0.0
0.0
0.0
0.0
0.0
0.0
0.0
44.97930908203125
95.33084869384766
32.8183708190918
0.0
1.9004956483840942
0.0
0.0
5.070201873779297
13.330900192260742
0.385427325963974
16.85677146911621
103.23370361328125
24.20829200744629
0.0
0.0
0.0
0.0
0.0
0.0
0.0
0.0
0.0
0.0
0.0
0.0
0.0
0.0
0.0
0.0
0.0
0.0
0.0
0.0
0.0
0.0
0.0
0.0
0.0
0.0
0.0
0.0
0.0
0.0
0.0
0.0
0.0
0.0
0.0
0.0
0.0
0.0
0.0
0.0
0.0
54.30291748046875
4.869132995605469
44.67447280883789
7.653794765472412
10.823906898498535
18.281091690063477
6.267624378204346
9.990747451782227
9.518800735473633
0.1156282052397728
8.552229881286621
5.701487064361572
4.962741374969482
7.605030536651611
1.9004956483840942
0.0
7.679312229156494
0.0
0.0
0.0
0.0
13.537774085998535
20.29035758972168
4.333123207092285
24.641809463500977
19.444284439086914
0.4361611604690552
0.0
0.0
28.71446418762207
7.922634124755859
0.10186689347028732
6.447119235992432
3.007962226867676
20.536041259765625
2.8212037086486816
51.6624755859375
21.39080238342285
42.341007232666016
33.12383270263672
0.38562077283859253
98.0267105102539
19.525142669677734
0.0
0.0
5.7259721755981445
1.5730270147323608
7.913669109344482
4.150437831878662
7.756353378295898
30.59061622619629
5.974334239959717
0.0
0.0
0.0
14.319010734558105
0.12242547422647476
0.0
0.0
0.0
0.0
0.0
0.0
0.0
0.0
0.0
0.0
0.0
160.06272888183594
137.35121154785156
8.774639129638672
26.95111656188965
5.164096355438232
4.850161075592041
4.0383429527282715
2.0266480445861816
5.030181884765625
14.452527046203613
0.3976184129714966
3.9637229442596436
0.0
0.0
0.0
1.9004956483840942
0.0
0.0
0.0
0.0
0.0
0.0
0.0
0.0
0.0
0.0
0.0
6.8638200759887695
7.954071998596191
0.29459697008132935
15.625872611999512
0.0
0.0
44.56923294067383
0.0
0.0
6.777790546417236
0.0
0.0
0.0
0.0
0.0
0.0
0.0
0.0
0.0
0.0
0.0
2.6359059810638428
0.0
77.60255432128906
0.7376505732536316
0.4057687520980835
7.960458755493164
7.29836893081665
22.015653610229492
0.3117959201335907
1.764697790145874
0.0
0.0
0.0
0.0
0.0
0.0
3.037675142288208
0.6166480779647827
0.421999454498291
0.0
0.0
0.0
0.20332781970500946
0.8804515600204468
0.2430029958486557
36.436920166015625
0.42288637161254883
24.55198097229004
1.6057562828063965
0.6526491045951843
3.7102444171905518
1.7211452722549438
0.0
0.0
0.0
0.0
0.0
8.28361988067627
3.1954963207244873
24.776752471923828
25.566078186035156
3.5486040115356445
1.6125942468643188
8.969337463378906
0.0
0.0
10.502419471740723
30.729387283325195
17.66712760925293
2.495382308959961
27.425264358520508
153.168212890625
29.74799156188965
51.0579833984375
14.788396835327148
7.528114318847656
15.929863929748535
47.17485427856445
8.36443042755127
28.190641403198242
14.02480697631836
31.913949966430664
104.59121704101562
13.039970397949219
7.220231533050537
82.10026550292969
26.388172149658203
5.090077877044678
3.334982395172119
0.9011898040771484
0.7282875776290894
10.384527206420898
5.161725044250488
1.5495293140411377
0.4167393445968628
17.44597053527832
1.880919337272644
0.11234545707702637
0.0
0.0
0.0
0.0
0.0
0.2177625596523285
0.0
0.0
1.1118062734603882
0.0
0.0
2.1497421264648438
0.0
0.0
0.0
0.0
4.152326583862305
0.0
0.0
0.0
0.967801034450531
0.0
0.0
0.0
0.46769392490386963
4.522192478179932
0.0
0.0
0.5731110572814941
4.308810234069824
2.435650110244751
0.0
2.0658915042877197
0.0
1.085949182510376
0.0
0.0
0.0
0.0
0.0
0.0
0.0
1.600000023841858
0.0
0.0
0.0
0.0
0.0
0.0
0.0
0.0
0.0
0.0
2.5
3.4000000953674316
0.800000011920929
0.0
0.0
4.400000095367432
3.9000000953674316
15.600000381469727
38.599998474121094
67.0999984741211
103.69999694824219
58.5
195.8000030517578
34.099998474121094
22.100000381469727
83.5999984741211
1.2999999523162842
0.20000000298023224
1.2000000476837158
0.30000001192092896
0.0
0.0
0.0
3.0
23.899999618530273
5.5
5.699999809265137
14.100000381469727
3.299999952316284
0.0
0.0
0.0
0.0
0.0
0.0
0.0
0.0
0.0
10.699999809265137
23.700000762939453
31.899999618530273
0.4000000059604645
0.699999988079071
44.70000076293945
47.79999923706055
8.100000381469727
14.600000381469727
25.700000762939453
2.5999999046325684
3.0999999046325684
0.5
1.399999976158142
47.5
1.7999999523162842
2.5
0.6000000238418579
0.0
0.6000000238418579
0.0
4.400000095367432
0.30000001192092896
0.0
3.5
2.0999999046325684
0.0
0.0
0.0
0.0
7.599999904632568
5.300000190734863
0.0
6.900000095367432
0.0
0.0
0.0
0.0
0.0
0.0
0.8999999761581421
0.0
0.0
2.4000000953674316
4.599999904632568
1.0
22.799999237060547
15.699999809265137
8.399999618530273
3.5999999046325684
5.300000190734863
14.699999809265137
7.900000095367432
11.300000190734863
28.5
13.100000381469727
0.0
14.699999809265137
87.80000305175781
16.899999618530273
1.0
0.0
0.0
0.0
0.0
0.0
6.900000095367432
48.29999923706055
10.399999618530273
0.0
0.0
0.0
0.0
0.0
0.0
0.0
0.0
0.0
0.20000000298023224
0.0
0.0
0.0
0.0
0.0
0.0
0.0
1.399999976158142
0.0
0.0
1.7000000476837158
10.600000381469727
0.5
0.8999999761581421
21.5
2.700000047683716
0.20000000298023224
4.599999904632568
54.79999923706055
12.899999618530273
0.0
0.0
0.0
0.20000000298023224
0.0
0.0
0.0
0.0
0.0
0.699999988079071
0.0
0.0
0.0
0.0
0.0
0.0
0.0
0.8999999761581421
0.0
0.0
0.699999988079071
6.5
0.30000001192092896
1.0
9.100000381469727
14.399999618530273
6.5
9.5
0.0
2.5
5.5
29.200000762939453
46.400001525878906
6.599999904632568
6.0
1.2999999523162842
2.5999999046325684
0.20000000298023224
0.10000000149011612
0.20000000298023224
0.0
0.0
0.0
0.0
0.0
2.299999952316284
1.600000023841858
3.200000047683716
16.399999618530273
16.399999618530273
18.299999237060547
7.300000190734863
1.100000023841858
6.199999809265137
21.600000381469727
63.29999923706055
138.0
9.899999618530273
71.30000305175781
45.70000076293945
32.70000076293945
8.100000381469727
2.799999952316284
16.5
100.4000015258789
43.29999923706055
19.299999237060547
20.899999618530273
90.9000015258789
70.80000305175781
69.80000305175781
1.2000000476837158
1.2999999523162842
65.80000305175781
6.099999904632568
0.0
12.800000190734863
21.399999618530273
26.700000762939453
5.900000095367432
2.5
0.10000000149011612
3.0999999046325684
5.900000095367432
11.399999618530273
4.400000095367432
0.10000000149011612
0.0
0.0
0.0
0.0
0.0
0.0
1.0
0.0
0.0
0.0
0.0
0.0
0.0
0.0
0.0
0.0
18.600000381469727
6.900000095367432
8.5
0.0
0.0
0.0
49.20000076293945
15.5
2.700000047683716
9.100000381469727
49.400001525878906
25.399999618530273
0.0
0.0
0.0
2.0999999046325684
58.29999923706055
153.10000610351562
46.0
15.100000381469727
0.6000000238418579
1.5
2.0999999046325684
0.0
47.79999923706055
23.899999618530273
74.30000305175781
0.10000000149011612
0.20000000298023224
2.4000000953674316
0.30000001192092896
0.0
0.0
0.0
0.0
0.0
0.8999999761581421
1.899999976158142
0.0
0.0
0.0
5.800000190734863
2.0999999046325684
35.599998474121094
31.0
11.699999809265137
3.700000047683716
0.0
7.800000190734863
6.599999904632568
1.7999999523162842
6.5
11.199999809265137
18.5
15.300000190734863
44.20000076293945
10.199999809265137
5.5
0.5
13.0
16.399999618530273
0.699999988079071
0.0
0.0
3.0999999046325684
27.399999618530273
0.800000011920929
2.700000047683716
15.300000190734863
1.0
2.0
1.100000023841858
0.0
0.699999988079071
10.399999618530273
6.800000190734863
13.300000190734863
0.0
10.800000190734863
43.400001525878906
3.0999999046325684
2.700000047683716
0.30000001192092896
22.200000762939453
45.29999923706055
9.5
0.10000000149011612
1.100000023841858
4.5
1.7999999523162842
0.0
0.0
0.0
0.0
0.0
0.0
10.899999618530273
21.5
28.200000762939453
8.399999618530273
0.0
1.2999999523162842
21.0
36.0
19.100000381469727
8.399999618530273
0.0
0.0
0.0
0.0
0.0
0.0
0.0
2.4000000953674316
1.0
0.0
0.8999999761581421
0.5
4.900000095367432
0.30000001192092896
0.8999999761581421
2.200000047683716
9.5
0.0
0.5
0.0
0.0
0.0
0.0
0.0
0.0
0.0
0.0
0.0
0.0
1.2999999523162842
0.0
0.0
1.7999999523162842
9.100000381469727
37.79999923706055
17.600000381469727
0.699999988079071
0.0
0.0
0.30000001192092896
4.199999809265137
1.899999976158142
13.899999618530273
23.899999618530273
29.600000381469727
10.300000190734863
1.7999999523162842
0.30000001192092896
0.0
0.0
0.0
7.099999904632568
0.0
0.8999999761581421
0.0
1.0
0.800000011920929
0.30000001192092896
0.0
56.900001525878906
40.5
1.600000023841858
6.400000095367432
1.899999976158142
27.799999237060547
17.399999618530273
6.099999904632568
12.899999618530273
14.600000381469727
18.399999618530273
3.5999999046325684
8.0
3.0
5.900000095367432
172.8000030517578
71.80000305175781
9.800000190734863
11.5
0.0
0.0
0.0
0.0
0.0
0.0
0.0
0.0
0.0
0.0
3.5
9.399999618530273
11.5
0.0
0.0
0.0
0.0
0.0
0.20000000298023224
0.4000000059604645
4.099999904632568
16.100000381469727
0.0
0.0
0.0
0.0
19.600000381469727
5.300000190734863
1.2000000476837158
34.099998474121094
26.299999237060547
31.5
9.399999618530273
29.200000762939453
24.600000381469727
18.600000381469727
1.0
0.0
0.0
0.0
0.0
0.0
0.0
0.0
0.0
0.0
0.0
0.0
0.0
0.0
0.0
0.0
0.0
0.0
0.0
0.0
0.0
0.0
0.0
0.0
0.0
0.0
0.0
0.0
0.0
0.0
0.0
0.0
0.5
6.0
0.0
0.0
0.0
0.0
0.0
0.0
0.10000000149011612
0.0
0.0
2.5999999046325684
0.30000001192092896
11.800000190734863
25.899999618530273
9.5
4.199999809265137
3.9000000953674316
14.699999809265137
0.4000000059604645
0.8999999761581421
0.8999999761581421
2.4000000953674316
6.699999809265137
0.20000000298023224
0.800000011920929
11.199999809265137
4.300000190734863
5.5
10.100000381469727
7.900000095367432
13.600000381469727
5.400000095367432
23.399999618530273
3.200000047683716
0.30000001192092896
0.0
0.0
0.0
0.0
0.0
0.0
0.0
0.0
0.0
0.8999999761581421
0.0
1.100000023841858
0.0
0.0
0.0
0.0
0.0
0.0
0.0
0.0
0.0
0.0
0.0
0.0
0.0
0.0
0.0
0.0
0.0
2.299999952316284
10.399999618530273
19.5
13.399999618530273
5.0
0.30000001192092896
0.0
2.0
1.399999976158142
0.10000000149011612
0.20000000298023224
0.10000000149011612
0.0
0.0
0.0
0.0
0.0
0.0
0.0
0.0
0.0
0.0
0.0
0.0
0.0
0.0
0.0
0.0
0.0
0.0
0.0
0.0
0.0
0.0
0.0
